125.200000
231.200000
383.800000
468.450000
1040.750000
1279.150000
1730.000000
2323.550000
10677.050000
11373.500000
11541.950000
11750.500000
12115.900000
12533.050000
12669.850000
13515.900000
13541.800000
13745.450000
14308.700000
15774.550000
15990.200000
16400.000000
16517.100000
17890.650000
17929.200000
18132.900000
18245.650000
21606.850000
21744.750000
22033.550000
27517.600000
29117.200000
31925.900000
32394.550000
45377.850000
45600.750000
49621.550000
50320.200000
52028.200000
54110.100000
54295.300000
54784.450000
54910.950000
55178.650000
55678.000000
63867.450000
64005.850000
67274.650000
68779.700000
71892.900000
72165.300000
72469.000000
73506.350000
77821.550000
79463.650000
80075.350000
80246.550000
80543.650000
81697.750000
83787.800000
84015.050000
85994.450000
86108.900000
87683.700000
87829.050000
90159.200000
106593.200000
106747.350000
106860.000000
107097.650000
107166.550000
107251.200000
107485.050000
108203.450000
108283.450000
108330.550000
108558.550000
110167.150000
110919.200000
115970.200000
116240.200000
116300.900000
119033.950000
119476.050000
126286.600000
127389.850000
129057.850000
130874.950000
132899.900000
133859.850000
135321.850000
135416.300000
136532.350000
138100.200000
138351.400000
138438.100000
138552.900000
139037.300000
139139.600000
139221.750000
139991.150000
140259.550000
140426.800000
141419.800000
141521.900000
141772.000000
142699.200000
143073.800000
143916.850000
144062.450000
144162.150000
144398.000000
144574.700000
144850.950000
145390.150000
145535.250000
145834.050000
150294.900000
153289.950000
154019.150000
154313.300000
156541.350000
156686.600000
156913.400000
157324.500000
157692.000000
157800.400000
157929.300000
158476.100000
159261.900000
160377.250000
162170.200000
162779.100000
162893.000000
164756.600000
165716.050000
166606.600000
168387.700000
169111.100000
169823.000000
170964.050000
171099.650000
173022.150000
173308.700000
173673.150000
173688.600000
173803.650000
176160.350000
177432.800000
178041.850000
178773.400000
179206.000000
179524.950000
179835.450000
181243.900000
182403.500000
182596.950000
183380.500000
184563.950000
184660.700000
185972.150000
186121.650000
186239.550000
187038.700000
187253.450000
197888.950000
198445.050000
201746.000000
204869.850000
211043.250000
211304.300000
213629.450000
213977.900000
221644.100000
222820.150000
224003.000000
225362.200000
227411.200000
227893.000000
236330.950000
237280.900000
239144.550000
239490.550000
240843.650000
241523.500000
243327.700000
243558.300000
246194.800000
246320.400000
247323.550000
248390.000000
248725.650000
248859.050000
249135.000000
249219.850000
249647.050000
250562.350000
251183.950000
251261.400000
251561.600000
251757.800000
251883.550000
252201.300000
252891.700000
253057.200000
253458.050000
253868.850000
254068.750000
254201.750000
254373.100000
254462.350000
254537.250000
254668.900000
254869.250000
255213.150000
255381.400000
255605.450000
256958.350000
257501.050000
258231.900000
258410.450000
258461.750000
259193.900000
259262.250000
259471.500000
259581.750000
259666.350000
261202.500000
261940.950000
262361.800000
263551.500000
264544.300000
264701.850000
264985.900000
265124.350000
265974.550000
267068.150000
268158.150000
270259.500000
270699.200000
270813.400000
270868.100000
271211.400000
271283.650000
271888.800000
272361.750000
272445.300000
272518.900000
272599.200000
272807.100000
272988.950000
273171.100000
273258.500000
273324.300000
273516.300000
273840.300000
273934.150000
274068.950000
274157.300000
274358.550000
274556.450000
275305.100000
276838.250000
277631.700000
278087.550000
281062.950000
282335.150000
282695.050000
282812.150000
283027.200000
283369.650000
283750.950000
283978.550000
284588.100000
285463.250000
285569.450000
287961.650000
288101.750000
288317.600000
288321.000000
288441.650000
288547.500000
288763.100000
289101.850000
289339.750000
289588.250000
289963.850000
289974.200000
290184.700000
290348.550000
290481.200000
290549.100000
290672.000000
290817.350000
291310.100000
298541.950000
298759.800000
303033.350000
311812.900000
311955.250000
312225.050000
312595.550000
312713.900000
313319.600000
314033.100000
314299.200000
314387.550000
314622.800000
315020.150000
315407.800000
315409.550000
315412.000000
315539.150000
315610.050000
315745.500000
317915.450000
322737.450000
323495.650000
324804.450000
325710.250000
327993.950000
328461.300000
328592.050000
329386.950000
330517.450000
330646.100000
331599.000000
333233.100000
333823.350000
335176.700000
335863.750000
336392.300000
336615.900000
337669.250000
340199.400000
340427.300000
340985.450000
341105.050000
341559.150000
341765.400000
343615.500000
348039.500000
348244.800000
349543.400000
350398.550000
350710.150000
351109.900000
351905.500000
352148.350000
352656.350000
353183.650000
353286.500000
353406.350000
354021.500000
354939.250000
355273.400000
355355.900000
356610.350000
356840.350000
357413.200000
357553.900000
357634.050000
357746.950000
358086.150000
358201.900000
358404.100000
358503.550000
358800.800000
359193.600000
359284.950000
359531.550000
359632.100000
361220.950000
362736.600000
366303.600000
368425.950000
368760.450000
371177.700000
372245.950000
372343.450000
376322.350000
386803.100000
395561.300000
397892.400000
401899.750000
403392.050000
406896.200000
406996.900000
408547.150000
408968.950000
409169.950000
409223.350000
409979.400000
410148.450000
410429.500000
410567.400000
410600.250000
410687.750000
411074.600000
411134.200000
411354.750000
411476.550000
411582.200000
411690.600000
411920.450000
412981.550000
413243.650000
413370.450000
413698.450000
413794.100000
415014.600000
415403.000000
415429.050000
418215.300000
419741.200000
420460.050000
420562.500000
423397.650000
424878.300000
425556.200000
426121.900000
426362.900000
429621.650000
435401.650000
435539.650000
435733.850000
436006.550000
451687.700000
452147.650000
457600.750000
459597.650000
460200.150000
468494.200000
468987.900000
471519.400000
471757.900000
471851.100000
472813.050000
473315.000000
473758.250000
473917.000000
474079.800000
474195.650000
474742.100000
474934.650000
475066.750000
475617.100000
475983.000000
475993.550000
476110.400000
476247.500000
476967.700000
477091.200000
477442.850000
478687.000000
478802.550000
479185.000000
479303.700000
479537.200000
481012.100000
482333.850000
482584.600000
485576.250000
485668.350000
487970.650000
493728.250000
495060.300000
495527.900000
495802.550000
496137.750000
496374.650000
496858.200000
497092.050000
497352.050000
497469.800000
497710.450000
497810.500000
498103.150000
498246.000000
498367.700000
498378.300000
498645.950000
499028.850000
499653.550000
500178.300000
500720.350000
501329.850000
503236.850000
503640.000000
504472.250000
504962.300000
505303.000000
505711.650000
506254.700000
506666.400000
507614.050000
508540.200000
514403.100000
514613.450000
514748.350000
522599.000000
524494.850000
524688.250000
526071.500000
526405.700000
526925.250000
527049.050000
527325.700000
527975.300000
528257.050000
531049.550000
531314.750000
531705.800000
532308.000000
533033.950000
534522.200000
534926.300000
535075.700000
535308.750000
535836.350000
536361.100000
539164.050000
540073.400000
540106.900000
540765.800000
544204.450000
544407.150000
544533.950000
544675.700000
548614.800000
548818.900000
550186.050000
550452.750000
552354.200000
554963.800000
556126.450000
557140.050000
559166.200000
559296.050000
559696.300000
560066.350000
564023.900000
564254.050000
565921.550000
566698.550000
566849.850000
567078.850000
568150.100000
568844.300000
570039.350000
572303.000000
574279.450000
574953.000000
577446.700000
577505.000000
577705.250000
577771.050000
578084.100000
578198.400000
578420.400000
578919.550000
579745.050000
581554.450000
581671.550000
581789.550000
581911.150000
582862.900000
583981.550000
584238.250000
584508.750000
584564.100000
585308.750000
587264.350000
587863.850000
589128.050000
590355.250000
594163.750000
595959.750000
599094.100000
604656.600000
607251.750000
607965.350000
608273.150000
608966.950000
609346.950000
609693.200000
609707.550000
609831.950000
610595.650000
611638.450000
612469.600000
614023.650000
618183.550000
623950.050000
624128.550000
625378.400000
627871.050000
648098.250000
649842.350000
652626.000000
658208.900000
658760.750000
659129.500000
659379.750000
661185.550000
661422.200000
663749.700000
665443.700000
666645.500000
667001.050000
667027.650000
667230.400000
667742.650000
669605.400000
670765.750000
673622.050000
674511.250000
674766.900000
675181.500000
675576.450000
676297.000000
676587.600000
677805.600000
678883.850000
679331.250000
679780.150000
680454.350000
681843.150000
682011.000000
682248.100000
682448.700000
683403.700000
683630.850000
683778.650000
683945.000000
684059.500000
684270.950000
684366.350000
684721.100000
684761.850000
684819.900000
684881.650000
684993.750000
685837.250000
686229.750000
687366.800000
687496.550000
687595.700000
687605.150000
687745.750000
687863.350000
687994.000000
688234.950000
689006.600000
689270.900000
689618.050000
690874.900000
690983.150000
692220.050000
692406.450000
692910.450000
696362.800000
696710.700000
696940.200000
698574.000000
699271.300000
699781.700000
700037.200000
700270.550000
700541.250000
700982.350000
701542.450000
701699.700000
702039.700000
702163.550000
702186.750000
702413.100000
702538.250000
702649.350000
703160.200000
703277.100000
703867.950000
704231.750000
704588.500000
706050.900000
706143.050000
706164.400000
706278.300000
706290.150000
706403.500000
706509.650000
706620.600000
706765.200000
706878.800000
707002.800000
707144.050000
707280.150000
707393.600000
707507.000000
707588.700000
707644.350000
707773.100000
707846.750000
707934.000000
708203.350000
708449.050000
709331.500000
710235.500000
716841.900000
717114.600000
717353.600000
718332.900000
718605.700000
718757.750000
718992.050000
719159.450000
720915.750000
723417.000000
723458.300000
723646.500000
723991.200000
726157.050000
726660.900000
729387.700000
732451.000000
739428.400000
739512.150000
740190.900000
740443.450000
742067.350000
744524.100000
744894.150000
745020.550000
745493.350000
745733.150000
746068.850000
746166.800000
746641.100000
746661.600000
746813.250000
746934.850000
747033.750000
750167.700000
750186.000000
750859.750000
751045.350000
751259.350000
751365.200000
751769.000000
752151.750000
752284.100000
752616.100000
752872.550000
752999.850000
755216.600000
755361.400000
755783.700000
757399.500000
757605.300000
757781.100000
757885.050000
758633.550000
758943.200000
759161.300000
759873.650000
761093.600000
761426.050000
761518.800000
761588.550000
761759.300000
761881.850000
762199.100000
762991.950000
763378.650000
764325.350000
764388.500000
765079.450000
765297.950000
765576.450000
766175.000000
766767.200000
767340.150000
768110.850000
768540.200000
769514.600000
769587.450000
769774.200000
769987.000000
770097.550000
770252.200000
770581.300000
771393.450000
771466.250000
771767.650000
772815.700000
772868.800000
773634.200000
775326.950000
777349.050000
778926.900000
780589.400000
780604.400000
781137.500000
784841.650000
785258.550000
787358.000000
787512.500000
788495.000000
788619.250000
788636.250000
788778.350000
788915.050000
789288.150000
789305.600000
789575.200000
789820.800000
790207.900000
792950.200000
794513.400000
794631.550000
795112.600000
797734.750000
804288.200000
808225.150000
809696.750000
809937.800000
810046.750000
810410.800000
812871.650000
814333.650000
815190.200000
817221.300000
825695.700000
826817.450000
827568.550000
827702.700000
828057.400000
830165.950000
830187.300000
830309.650000
831289.400000
831402.750000
831555.950000
831638.950000
831805.200000
831915.750000
832268.950000
832414.900000
832791.600000
833170.800000
833290.300000
833411.400000
833510.400000
833629.400000
833715.600000
833873.300000
834294.550000
834591.350000
834749.750000
834798.450000
834911.150000
835042.100000
835246.000000
835471.300000
835515.550000
835828.650000
835943.250000
836087.750000
836276.950000
836412.300000
836536.000000
838696.600000
838721.950000
839365.500000
839619.200000
839726.550000
839744.550000
839851.100000
840372.250000
840457.350000
840802.100000
842787.900000
846281.900000
846412.900000
855813.300000
856502.850000
858158.500000
860357.550000
860460.700000
860734.500000
861251.000000
861611.350000
861895.400000
862443.150000
865998.350000
869868.350000
872290.100000
872728.500000
876199.750000
878143.200000
878423.650000
880168.400000
883205.150000
884213.600000
885773.500000
886250.950000
887173.250000
887794.050000
892108.600000
894458.550000
895845.600000
896383.350000
897123.350000
897266.000000
897810.650000
901416.650000
905672.500000
908595.250000
910632.350000
911409.550000
915602.750000
916214.300000
917396.400000
919645.100000
920582.100000
921920.350000
922362.000000
922799.950000
923116.500000
925469.200000
927039.150000
927321.550000
927654.150000
928622.250000
928865.450000
930528.350000
932637.450000
932828.850000
933292.500000
934554.150000
934735.900000
939403.150000
940014.950000
940200.300000
940380.450000
941033.950000
941197.650000
941522.750000
942057.350000
942549.400000
943326.750000
944163.350000
944586.400000
945484.700000
946008.200000
946151.500000
946241.650000
949800.600000
950477.850000
950714.350000
950849.400000
952653.150000
952849.850000
953144.850000
953515.500000
957937.650000
958313.800000
959128.100000
970949.000000
971746.100000
971967.650000
972898.150000
976409.300000
977748.300000
978312.750000
978827.350000
979189.200000
979589.900000
979751.650000
980206.700000
981088.150000
981353.850000
981578.500000
982235.500000
982515.650000
982701.250000
986063.650000
986380.300000
987391.250000
988051.800000
988797.650000
992708.750000
994013.850000
995125.550000
995133.700000
997691.650000
997879.300000
998013.550000
999312.100000
1000294.600000
1004467.600000
1005697.200000
1006076.500000
1006183.250000
1007723.100000
1008462.950000
1008964.300000
1009291.000000
1012765.050000
1013365.950000
1013513.400000
1013586.700000
1013929.500000
1014070.700000
1014084.300000
1015152.850000
1015480.000000
1015501.600000
1015846.250000
1016114.000000
1016454.200000
1016792.400000
1017173.750000
1019049.400000
1019541.600000
1019872.450000
1020029.750000
1020257.450000
1020493.500000
1021074.250000
1022923.850000
1023478.100000
1023569.100000
1024813.350000
1025147.700000
1025306.100000
1025530.650000
1026087.750000
1026401.300000
1026461.850000
1026616.050000
1026670.100000
1027538.750000
1027804.400000
1028286.250000
1028733.800000
1031129.900000
1033436.600000
1035417.000000
1035761.800000
1037241.300000
1038081.300000
1038226.750000
1038657.250000
1039012.450000
1039165.200000
1039634.100000
1039804.600000
1040000.150000
1040098.300000
1040323.300000
1040372.800000
1040604.500000
1040752.200000
1040775.450000
1040928.350000
1041010.650000
1041067.350000
1041358.550000
1041451.200000
1041713.400000
1041770.500000
1041835.050000
1041872.300000
1041945.650000
1042154.500000
1042203.750000
1042348.600000
1042458.050000
1042541.550000
1042733.050000
1042968.450000
1043103.500000
1043121.750000
1043433.500000
1043637.750000
1043822.400000
1044091.200000
1044898.850000
1044957.550000
1045260.500000
1045354.350000
1045422.650000
1045709.200000
1045757.050000
1045817.900000
1045875.550000
1045978.800000
1046169.250000
1046249.850000
1046337.500000
1046386.500000
1046443.900000
1046651.950000
1046740.800000
1046860.650000
1046954.100000
1047251.600000
1047683.200000
1047798.900000
1047924.500000
1048145.500000
1048200.750000
1048268.800000
1048327.800000
1048458.950000
1048649.700000
1048748.550000
1048823.500000
1048928.000000
1049050.200000
1049171.200000
1051863.100000
1052108.900000
1052133.650000
1052238.900000
1052343.950000
1052599.500000
1053581.750000
1053854.900000
1054091.250000
1054337.250000
1054602.850000
1054720.750000
1055188.350000
1056315.600000
1056828.450000
1060264.000000
1063874.450000
1064253.800000
1064379.300000
1064615.800000
1066265.500000
1070248.650000
1070285.750000
1070539.750000
1073557.600000
1075250.900000
1076042.350000
1076160.650000
1076719.000000
1077092.300000
1079246.000000
1079490.600000
1081547.150000
1083056.000000
1083432.500000
1083550.150000
1083941.750000
1084271.500000
1084385.000000
1088792.100000
1089575.700000
1090633.700000
1091053.700000
1091330.850000
1091808.450000
1093147.100000
1095868.150000
1096511.450000
1096698.800000
1096852.250000
1097310.200000
1098432.100000
1099755.750000
1099776.000000
1100039.350000
1100272.200000
1100824.000000
1101284.050000
1104139.550000
1104234.950000
1105106.000000
1105111.750000
1106183.750000
1111219.650000
1114358.200000
1114534.650000
1116458.450000
1117198.250000
1117365.100000
1117425.800000
1117607.850000
1117924.300000
1118650.000000
1119450.400000
1122416.700000
1123287.250000
1125640.700000
1126271.900000
1130339.550000
1130630.400000
1131003.350000
1137983.050000
1138107.600000
1140782.900000
1142376.350000
1142678.350000
1143797.150000
1144091.000000
1144429.800000
1144753.700000
1145171.250000
1145677.650000
1148640.000000
1148855.450000
1158168.000000
1161081.650000
1162557.850000
1162735.350000
1163060.050000
1163188.950000
1163348.300000
1164020.550000
1164351.450000
1164758.100000
1164990.500000
1165245.500000
1166092.100000
1171691.250000
1171914.200000
1172653.550000
1172993.000000
1174090.300000
1174456.200000
1174594.000000
1174646.800000
1174751.900000
1175575.500000
1176151.550000
1177089.850000
1177156.850000
1177396.400000
1177587.350000
1178823.550000
1179184.250000
1179451.350000
1180217.000000
1180283.950000
1180579.300000
1181017.000000
1181579.900000
1182324.100000
1182876.150000
1183361.100000
1183485.650000
1183766.700000
1183887.600000
1184112.450000
1184675.600000
1186543.150000
1186566.250000
1188397.500000
1188501.250000
1188739.850000
1189355.250000
1193608.450000
1193967.000000
1194166.600000
1194286.500000
1195037.700000
1195830.400000
1196721.100000
1197340.000000
1198458.900000
1200721.650000
1201270.150000
1201910.850000
1201990.450000
1202788.550000
1203453.500000
1204026.400000
1204143.300000
1204835.700000
1204924.650000
1205111.900000
1205178.600000
1205218.050000
1205363.650000
1205575.750000
1205965.450000
1206097.500000
1206211.350000
1207789.950000
1208009.300000
1208149.150000
1208474.700000
1208628.200000
1209441.100000
1209674.100000
1210123.900000
1210523.400000
1211105.750000
1211368.700000
1211492.550000
1211584.450000
1211718.000000
1211721.500000
1211785.850000
1211836.000000
1212002.500000
1212430.550000
1212502.500000
1212681.650000
1214017.700000
1214343.700000
1214484.550000
1215565.550000
1215892.250000
1215978.350000
1216015.850000
1216197.650000
1216334.750000
1216457.000000
1216511.900000
1216556.550000
1216587.650000
1217032.700000
1217092.400000
1217244.550000
1217711.200000
1218085.450000
1218218.700000
1218343.700000
1218485.950000
1218591.550000
1219889.700000
1220692.150000
1220829.250000
1221052.750000
1221286.600000
1221942.400000
1222828.250000
1223257.350000
1223405.450000
1223708.850000
1224225.800000
1224516.050000
1224847.950000
1225892.250000
1226146.350000
1226294.600000
1226426.450000
1226566.450000
1227516.000000
1227646.000000
1227865.700000
1228532.350000
1228635.450000
1229100.550000
1229234.800000
1231333.800000
1232122.250000
1232152.350000
1232505.900000
1232811.150000
1232927.850000
1233063.550000
1233226.900000
1233400.450000
1233553.850000
1233556.400000
1233853.700000
1234025.700000
1234358.100000
1234725.400000
1234788.000000
1235668.400000
1236029.300000
1236895.550000
1237033.400000
1237420.350000
1237562.750000
1237869.650000
1237930.950000
1238340.850000
1238414.100000
1238494.900000
1238873.550000
1239038.800000
1239511.850000
1239638.300000
1239722.150000
1239773.350000
1239951.350000
1240256.600000
1240443.850000
1240676.600000
1240984.050000
1241234.000000
1241938.150000
1242075.150000
1242096.700000
1242285.600000
1242444.600000
1242990.650000
1243637.650000
1243863.950000
1244248.950000
1244352.650000
1244722.000000
1245259.150000
1245514.300000
1246129.150000
1246475.500000
1246625.050000
1246763.700000
1247017.850000
1247134.100000
1247515.400000
1247673.850000
1247906.300000
1248068.000000
1248212.550000
1248267.250000
1248519.800000
1248606.750000
1248681.000000
1248767.950000
1249069.000000
1249147.650000
1249267.150000
1249297.900000
1249770.350000
1252725.850000
1252866.600000
1252974.450000
1253829.800000
1255551.350000
1256208.350000
1256329.500000
1256458.050000
1256685.450000
1256817.100000
1257206.150000
1257214.900000
1257231.550000
1257405.500000
1258063.400000
1258150.000000
1258165.700000
1258254.150000
1258360.100000
1258449.150000
1259439.000000
1259664.600000
1259750.700000
1259844.700000
1266495.300000
1267233.150000
1268057.000000
1269435.700000
1270292.050000
1272337.600000
1273003.400000
1273087.100000
1273155.850000
1274148.500000
1274826.000000
1275045.950000
1275642.900000
1275895.950000
1276136.500000
1276279.900000
1276983.850000
1277932.800000
1284426.500000
1285747.550000
1288531.250000
1300701.150000
1301066.100000
1303343.550000
1303822.050000
1303953.250000
1304257.200000
1304970.450000
1305043.550000
1305166.850000
1305412.450000
1305563.650000
1306678.950000
1306997.150000
1307669.950000
1307887.450000
1308390.800000
1309852.050000
1310657.500000
1311185.750000
1311534.800000
1312092.100000
1312234.300000
1312459.450000
1313789.550000
1318642.350000
1319232.050000
1319374.850000
1324887.450000
1325175.650000
1325760.250000
1328341.300000
1329135.350000
1329352.700000
1333251.050000
1334480.450000
1335075.200000
1335890.400000
1336442.200000
1336507.500000
1341223.700000
1343654.750000
1343668.300000
1344070.600000
1348210.200000
1349208.250000
1349810.700000
1350469.050000
1354968.750000
1357379.250000
1360545.600000
1362523.800000
1365709.050000
1366432.150000
1367745.300000
1369609.800000
1372062.550000
1372428.100000
1372896.500000
1373533.850000
1374093.000000
1377211.300000
1377596.350000
1378277.200000
1378840.150000
1379120.350000
1380431.900000
1380917.950000
1382616.250000
1383900.150000
1387635.800000
1388444.700000
1388799.600000
1390119.900000
1391018.700000
1391095.300000
1392307.250000
1397491.900000
1397850.050000
1398143.350000
1398358.650000
1398823.450000
1399026.050000
1399363.950000
1399490.950000
1399613.750000
1399728.950000
1400239.050000
1400592.050000
1400857.600000
1401295.900000
1401458.100000
1401571.000000
1401811.350000
1402092.450000
1402196.600000
1403790.700000
1404938.050000
1405541.250000
1407092.250000
1407206.950000
1415520.900000
1417442.150000
1418201.000000
1418315.250000
1418433.450000
1420040.300000
1420290.000000
1420771.050000
1420914.450000
1422749.850000
1423515.800000
1423585.850000
1423704.250000
1424345.950000
1424409.750000
1424514.400000
1424561.550000
1425354.250000
1426164.950000
1426289.500000
1426372.350000
1427678.600000
1427755.550000
1427819.050000
1427879.550000
1427995.900000
1428363.550000
1428486.350000
1428965.550000
1430049.650000
1430461.850000
1430687.750000
1431449.550000
1432032.200000
1432101.300000
1432177.100000
1432257.450000
1432480.350000
1432750.200000
1433800.900000
1433863.350000
1433981.250000
1434104.750000
1434517.600000
1436145.900000
1436481.700000
1436552.800000
1436858.150000
1436994.150000
1437267.050000
1437494.450000
1437666.800000
1438130.450000
1438573.150000
1439662.900000
1439725.900000
1439939.400000
1440769.100000
1441125.400000
1441392.600000
1441620.550000
1441807.550000
1441987.400000
1442319.900000
1442903.300000
1443096.800000
1443614.650000
1443826.600000
1444000.550000
1444231.500000
1444785.100000
1444810.750000
1444986.550000
1445002.800000
1445075.800000
1445230.100000
1445535.050000
1446431.850000
1446517.850000
1446669.400000
1446786.800000
1447241.700000
1447303.050000
1447420.250000
1452850.650000
1453063.950000
1453548.200000
1454669.950000
1454909.550000
1455147.650000
1455246.900000
1455327.650000
1455574.450000
1455837.800000
1456560.900000
1457023.150000
1457252.150000
1457353.600000
1457392.550000
1457509.750000
1457703.700000
1457737.950000
1457878.850000
1458258.350000
1459205.350000
1459758.700000
1459901.800000
1460052.750000
1460148.350000
1460353.150000
1460479.350000
1460739.750000
1461189.500000
1461214.950000
1461355.600000
1461552.850000
1462144.550000
1462212.050000
1462851.650000
1463033.000000
1463091.300000
1463457.300000
1463505.900000
1463616.800000
1463710.400000
1463805.300000
1464238.650000
1464573.700000
1465496.050000
1465586.000000
1465805.550000
1466021.750000
1466449.750000
1466769.650000
1467224.650000
1468818.750000
1470011.700000
1470517.550000
1470629.150000
1471205.600000
1474151.550000
1474194.100000
1475286.900000
1475414.100000
1476922.500000
1478304.400000
1478374.650000
1478561.700000
1479106.350000
1479289.450000
1479760.950000
1479982.250000
1480632.100000
1480974.550000
1481923.400000
1482599.550000
1483988.950000
1484675.950000
1484815.150000
1485137.500000
1485413.800000
1485637.150000
1485769.600000
1486136.200000
1486439.900000
1486768.150000
1487031.400000
1487188.250000
1487293.850000
1487414.350000
1487448.350000
1487893.800000
1487925.750000
1488038.800000
1488298.500000
1488418.750000
1488528.750000
1488929.400000
1489051.450000
1489163.900000
1489384.400000
1489557.700000
1489670.000000
1489783.750000
1489880.250000
1489990.000000
1490541.450000
1490774.150000
1493011.150000
1493257.300000
1494159.000000
1494271.700000
1495776.700000
1496019.050000
1496925.050000
1496949.400000
1497053.250000
1497216.550000
1498367.500000
1498658.500000
1499030.100000
1499040.050000
1499412.500000
1499487.850000
1499503.950000
1499656.350000
1499681.250000
1499939.550000
1500051.650000
1500089.650000
1500216.650000
1500336.000000
1500650.500000
1500910.250000
1501367.950000
1501820.700000
1502135.600000
1502350.550000
1502399.250000
1502485.500000
1502552.550000
1502732.850000
1502834.450000
1502952.500000
1503167.250000
1503242.150000
1504106.900000
1504136.650000
1504256.500000
1504894.950000
1505764.800000
1506196.800000
1506334.950000
1506480.250000
1507088.700000
1507489.300000
1508023.050000
1508128.100000
1509017.000000
1509149.650000
1509211.800000
1509730.500000
1510035.400000
1510155.150000
1510172.000000
1510677.500000
1510762.400000
1510789.750000
1510915.950000
1510963.800000
1511040.650000
1511083.850000
1511541.450000
1511739.850000
1511874.000000
1512232.800000
1512970.500000
1513222.350000
1514597.800000
1514954.050000
1514974.600000
1515088.350000
1515109.350000
1515206.650000
1515772.200000
1515872.000000
1515907.550000
1516097.500000
1516394.350000
1516676.750000
1516847.450000
1517021.250000
1517471.950000
1517569.950000
1517715.800000
1518283.050000
1518657.650000
1519282.050000
1519393.050000
1519901.050000
1519940.200000
1520355.950000
1520458.250000
1520725.150000
1520969.850000
1521013.800000
1521264.700000
1521627.950000
1521837.550000
1522119.400000
1522238.650000
1522329.050000
1522352.350000
1522576.350000
1523350.050000
1523444.150000
1523479.850000
1523603.900000
1523880.500000
1524010.200000
1524182.800000
1524390.650000
1524640.800000
1524840.250000
1525003.950000
1525106.150000
1525316.300000
1525445.350000
1526149.250000
1526564.300000
1526811.400000
1526953.800000
1527047.050000
1527180.300000
1527271.350000
1530219.950000
1530432.100000
1530566.550000
1530684.150000
1530944.800000
1531319.850000
1531428.950000
1532997.750000
1534111.600000
1534318.650000
1535683.350000
1535795.750000
1535940.600000
1536185.400000
1536680.650000
1536916.300000
1537449.950000
1537748.500000
1539206.450000
1539883.300000
1540495.700000
1540742.650000
1541390.500000
1541511.350000
1541807.350000
1542830.250000
1543202.950000
1543232.350000
1543346.800000
1543846.600000
1543920.500000
1544037.300000
1544188.600000
1544262.250000
1544387.700000
1544536.050000
1544632.400000
1544821.450000
1545316.400000
1545445.700000
1545569.450000
1545705.000000
1545815.950000
1546314.400000
1546333.200000
1546962.600000
1548524.200000
1548541.150000
1548703.500000
1548920.350000
1549505.800000
1550608.300000
1550781.550000
1551327.350000
1552324.550000
1552352.400000
1552482.750000
1552903.900000
1552984.900000
1553331.350000
1553453.950000
1554144.450000
1554762.750000
1556639.300000
1556885.950000
1557025.500000
1557348.300000
1557627.950000
1558022.000000
1558158.750000
1558470.300000
1558923.950000
1560253.100000
1560563.000000
1562718.500000
1563489.350000
1563658.100000
1564143.200000
1567220.900000
1568434.150000
1570020.700000
1570754.450000
1571055.850000
1571763.050000
1572571.750000
1572736.950000
1572982.800000
1575150.800000
1575605.450000
1576843.400000
1576996.650000
1577359.950000
1579136.350000
1579800.000000
1580239.200000
1580348.900000
1580507.850000
1580900.900000
1581173.900000
1582970.100000
1583079.000000
1583203.250000
1585296.700000
1587469.650000
1587929.050000
1588297.350000
1590955.150000
1592689.500000
1597214.650000
1598357.150000
1598866.350000
1600605.900000
1600724.050000
1601008.650000
1601375.400000
1602796.550000
1602995.400000
1603655.750000
1603938.550000
1604234.450000
1605390.300000
1609876.300000
1610939.100000
1611476.450000
1611628.800000
1612109.800000
1612229.950000
1612490.950000
1614914.100000
1623003.650000
1623703.900000
1624307.150000
1625523.850000
1625944.150000
1627400.100000
1629075.600000
1629513.450000
1631726.650000
1632636.450000
1634182.650000
1634394.700000
1634760.150000
1635119.300000
1635295.000000
1635629.800000
1635747.650000
1636935.750000
1637457.300000
1639454.250000
1639675.750000
1640275.200000
1641047.850000
1641224.300000
1641754.550000
1646943.950000
1648579.100000
1652956.950000
1653335.500000
1653551.300000
1654775.100000
1656166.200000
1657790.650000
1658315.800000
1663233.700000
1664898.850000
1665355.700000
1665808.250000
1665951.350000
1666599.250000
1666723.900000
1666765.250000
1666900.350000
1667032.550000
1667269.500000
1667473.150000
1667879.900000
1668364.850000
1669617.500000
1670230.600000
1670449.100000
1670678.050000
1670823.250000
1672730.250000
1673108.050000
1673791.000000
1674309.750000
1675034.850000
1675213.500000
1675405.150000
1675564.900000
1675663.400000
1675813.050000
1675951.800000
1676058.250000
1676249.850000
1676449.050000
1676485.350000
1676690.000000
1676884.550000
1677010.750000
1677182.300000
1677268.950000
1677640.700000
1677911.550000
1678767.700000
1678818.300000
1679200.200000
1679870.650000
1680185.900000
1681442.900000
1681791.850000
1682339.650000
1683047.550000
1683275.050000
1685577.000000
1686079.500000
1686423.000000
1688158.700000
1689423.250000
1689602.600000
1689838.700000
1690704.650000
1691560.150000
1692261.000000
1692406.200000
1692524.100000
1694080.600000
1694405.150000
1695106.400000
1695624.250000
1695752.150000
1697673.450000
1698319.900000
1698459.800000
1700564.600000
1700685.600000
1701089.900000
1704123.250000
1704171.900000
1704429.450000
1704605.800000
1704758.300000
1704943.150000
1705009.100000
1705107.800000
1705607.950000
1706017.200000
1706234.600000
1706598.900000
1706798.050000
1707484.500000
1707853.600000
1708223.650000
1708450.800000
1709197.100000
1709227.550000
1709299.150000
1709361.550000
1709497.000000
1709563.550000
1709614.600000
1709686.050000
1709796.650000
1709920.250000
1709996.050000
1710141.600000
1710446.650000
1710668.750000
1710813.250000
1711202.050000
1711330.500000
1712465.400000
1712572.200000
1712634.950000
1712784.250000
1712897.700000
1713004.500000
1713280.050000
1713754.450000
1713779.750000
1714069.200000
1714662.600000
1714887.000000
1715020.300000
1715171.800000
1715304.400000
1715416.050000
1715691.250000
1716536.400000
1717079.650000
1717224.200000
1717676.550000
1718020.300000
1720286.150000
1721462.850000
1721949.200000
1722084.950000
1722198.900000
1722609.600000
1722986.450000
1723436.400000
1723945.250000
1724110.000000
1724239.850000
1724365.100000
1724536.100000
1724612.150000
1724885.000000
1724979.200000
1725031.700000
1725190.350000
1725346.450000
1725859.050000
1725967.600000
1726119.550000
1726249.950000
1726384.650000
1726612.150000
1726827.200000
1726946.350000
1727102.100000
1727223.000000
1727863.600000
1728799.150000
1729204.450000
1729681.600000
1730212.050000
1730603.900000
1730725.750000
1731002.400000
1731144.800000
1731239.350000
1731539.100000
1731706.100000
1731818.000000
1731975.750000
1732094.450000
1733453.700000
1733597.800000
1733859.000000
1735397.750000
1735534.500000
1737100.900000
1739000.500000
1742801.900000
1743049.700000
1743795.200000
1746537.550000
1747124.550000
1747254.150000
1748374.800000
1748398.500000
1748561.150000
1748641.600000
1748862.950000
1749086.350000
1749321.250000
1750830.700000
1750963.200000
1751213.000000
1751486.900000
1751789.200000
1752165.800000
1752694.600000
1753177.100000
1753409.600000
1753625.350000
1753843.800000
1754007.350000
1754097.150000
1754109.950000
1754237.050000
1754603.250000
1754870.450000
1755375.100000
1755488.300000
1755588.850000
1755719.500000
1755935.500000
1756158.750000
1756966.800000
1757335.350000
1757433.900000
1757544.350000
1757677.050000
1758570.850000
1758641.450000
1758812.550000
1758900.800000
1758915.950000
1759823.050000
1760083.300000
1760339.500000
1760573.000000
1760945.300000
1761096.600000
1761653.700000
1761771.700000
1763962.100000
1764065.200000
1766008.700000
1766987.500000
1767210.350000
1767949.800000
1767980.800000
1768388.550000
1773259.850000
1773503.850000
1773702.250000
1774910.000000
1776614.650000
1777117.150000
1777943.850000
1778257.500000
1778370.550000
1778479.100000
1781053.850000
1783167.300000
1786471.300000
1787078.600000
1791797.200000
1792608.500000
1792813.150000
1798155.500000
1800205.100000
1800598.500000
1800914.300000
1804701.750000
1806368.200000
1810136.250000
1810248.400000
1813089.350000
1813929.000000
1817295.550000
1818716.500000
1819466.200000
1819495.400000
1820202.150000
1821908.500000
1822229.050000
1822730.850000
1823001.400000
1823337.450000
1825289.200000
1825441.550000
1827499.100000
1828019.900000
1828374.900000
1828611.550000
1829116.900000
1830031.200000
1830304.950000
1830473.400000
1831057.500000
1832977.300000
1834316.450000
1835328.050000
1836785.350000
1837214.150000
1837531.800000
1837703.100000
1838744.250000
1838847.600000
1839335.400000
1839627.750000
1839904.300000
1839945.550000
1840212.550000
1840424.450000
1841644.050000
1841912.750000
1842684.000000
1843250.500000
1843369.000000
1843472.950000
1845051.000000
1845406.550000
1846097.800000
1846178.350000
1846882.000000
1847266.400000
1848151.300000
1848890.600000
1849063.500000
1849347.850000
1849484.050000
1851016.900000
1851071.050000
1852344.250000
1853197.850000
1853994.350000
1854458.200000
1854534.650000
1855068.000000
1857135.600000
1857404.500000
1857656.350000
1859561.350000
1860673.250000
1860883.550000
1862643.050000
1863155.850000
1863341.500000
1863758.350000
1864997.550000
1865145.300000
1865392.800000
1866258.550000
1866798.450000
1867477.850000
1867611.650000
1867789.100000
1867896.650000
1868198.100000
1869202.450000
1869335.250000
1869583.500000
1871354.950000
1871784.650000
1871909.400000
1872458.450000
1872819.700000
1873479.700000
1873913.450000
1874059.900000
1874204.750000
1874221.500000
1874473.900000
1874610.250000
1874710.850000
1875402.000000
1875530.350000
1876076.200000
1876085.800000
1876475.050000
1876853.850000
1876897.550000
1877436.550000
1877760.150000
1878468.650000
1878480.000000
1878743.400000
1878910.550000
1879204.800000
1879539.600000
1879709.550000
1880752.500000
1880758.300000
1881440.550000
1881448.300000
1882057.350000
1882162.550000
1882613.850000
1890061.650000
1899426.400000
1901711.500000
1904347.250000
1908154.550000
1908717.500000
1908818.200000
1909642.100000
1912891.150000
1913235.450000
1913414.450000
1914221.900000
1914855.800000
1915282.250000
1915384.650000
1917114.150000
1918083.400000
1918348.300000
1918454.950000
1918774.500000
1919547.950000
1919556.750000
1919792.300000
1920507.600000
1921772.100000
1924776.200000
1928225.000000
1930982.150000
1931738.450000
1932238.300000
1933896.800000
1934526.300000
1936378.000000
1936578.750000
1937552.300000
1938565.550000
1939681.050000
1940000.850000
1940775.800000
1943494.950000
1943688.050000
1943847.500000
1947165.800000
1948108.050000
1948555.250000
1951679.100000
1958317.800000
1961180.750000
1963933.600000
1964186.750000
1966693.150000
1966832.150000
1969128.650000
1969534.550000
1969654.650000
1972647.750000
1973006.550000
1974746.350000
1975084.400000
1975332.150000
1977786.800000
1979094.800000
1982591.550000
1983083.300000
1985390.600000
1991289.950000
1993568.050000
1994321.150000
1995372.250000
1998688.450000
2000081.450000
2000394.800000
2000606.650000
2016816.100000
2017300.000000
2017424.800000
2020735.100000
2020847.050000
2021002.950000
2021372.950000
2021502.800000
2025439.950000
2028763.650000
2028878.300000
2029250.650000
2029871.650000
2030459.850000
2031559.550000
2032325.050000
2037072.400000
2037299.550000
2037535.300000
2037683.350000
2037792.450000
2038026.050000
2038133.800000
2038354.100000
2038700.800000
2038973.200000
2039115.650000
2039561.450000
2039729.400000
2039904.250000
2040064.850000
2041223.700000
2041332.650000
2042246.650000
2042363.750000
2042466.700000
2042582.150000
2042674.100000
2042828.700000
2042952.700000
2043027.700000
2043932.700000
2043981.250000
2045901.600000
2046124.300000
2046218.900000
2046328.650000
2047797.950000
2048021.800000
2048907.750000
2049168.050000
2049353.600000
2050179.150000
2050666.300000
2050923.550000
2053015.250000
2053737.600000
2053996.400000
2054608.450000
2054827.350000
2055112.350000
2055229.250000
2055230.300000
2055316.600000
2055489.250000
2055639.650000
2056918.200000
2057629.750000
2057925.550000
2058111.300000
2058368.000000
2059290.600000
2059769.050000
2059989.250000
2060136.800000
2061115.250000
2061738.300000
2062623.650000
2063245.100000
2065303.750000
2065424.200000
2065523.500000
2066456.600000
2072918.750000
2073361.800000
2074670.950000
2074828.350000
2076109.300000
2076136.150000
2076322.050000
2076429.050000
2077304.700000
2077627.350000
2078223.400000
2078583.350000
2081065.250000
2081583.550000
2081596.150000
2081932.100000
2082104.650000
2082549.050000
2084411.250000
2084688.800000
2085714.550000
2088438.300000
2089405.100000
2089567.200000
2089821.350000
2093510.750000
2093796.650000
2093904.000000
2094174.900000
2094308.350000
2094787.200000
2095688.050000
2095793.050000
2096262.000000
2096795.500000
2101465.250000
2102687.050000
2102856.950000
2104160.900000
2104457.450000
2104566.500000
2104587.200000
2105731.900000
2109329.800000
2109372.100000
2109559.050000
2110194.000000
2111375.350000
2111638.150000
2111785.000000
2111865.000000
2112008.500000
2112265.550000
2113059.700000
2113077.200000
2113188.750000
2113325.100000
2113466.500000
2113966.500000
2115144.700000
2116109.250000
2116562.150000
2116626.900000
2116900.700000
2117082.100000
2117991.700000
2118962.550000
2119213.250000
2119783.850000
2119868.250000
2119922.700000
2120077.050000
2120285.150000
2120432.750000
2120579.450000
2120847.100000
2121020.350000
2121105.450000
2121371.750000
2121485.900000
2121665.050000
2121753.950000
2121873.450000
2122122.500000
2122287.350000
2122472.300000
2122589.950000
2122649.250000
2122763.750000
2122827.150000
2123149.250000
2125038.000000
2127242.750000
2129746.850000
2129914.900000
2131637.200000
2131777.500000
2131943.700000
2132066.150000
2133272.650000
2133377.750000
2134037.350000
2134168.200000
2134444.200000
2134971.650000
2135067.800000
2135300.550000
2135393.650000
2135910.450000
2137291.200000
2138400.950000
2138818.100000
2139554.900000
2141448.200000
2142270.100000
2142907.900000
2143009.050000
2143082.950000
2143199.650000
2143633.450000
2143726.150000
2144029.650000
2144254.750000
2144424.600000
2144436.100000
2144739.800000
2145286.550000
2145523.150000
2145582.700000
2145817.700000
2145919.800000
2146779.950000
2147142.500000
2147929.750000
2148055.150000
2148429.300000
2148622.850000
2148850.550000
2150740.500000
2156941.900000
2158716.400000
2158958.000000
2159107.000000
2159462.900000
2159572.900000
2160191.300000
2161293.050000
2161425.650000
2161563.250000
2161823.750000
2162985.250000
2163114.350000
2163248.100000
2163527.900000
2163580.100000
2163906.850000
2163943.600000
2164546.350000
2164631.100000
2165061.200000
2165402.400000
2166213.500000
2167637.200000
2167799.250000
2168030.250000
2168142.400000
2168446.600000
2170489.450000
2170770.900000
2171692.800000
2171800.900000
2172667.250000
2172981.900000
2173681.350000
2173851.300000
2174289.300000
2174531.650000
2174783.500000
2174989.850000
2175702.350000
2176042.250000
2176400.750000
2181595.350000
2181613.850000
2182096.650000
2183943.000000
2184562.750000
2184832.350000
2185000.850000
2185085.600000
2185610.600000
2188892.500000
2188982.100000
2189276.250000
2189502.900000
2189668.850000
2189764.400000
2190006.350000
2190070.950000
2190165.300000
2191369.400000
2191717.200000
2192170.750000
2194102.000000
2194402.050000
2194559.950000
2194748.550000
2194889.850000
2195306.200000
2195826.300000
2195939.900000
2196367.000000
2196930.250000
2197919.400000
2198163.700000
2198345.950000
2198779.400000
2198887.800000
2199122.900000
2199351.750000
2199633.900000
2199764.050000
2200302.350000
2202385.050000
2203183.350000
2203572.150000
2204531.750000
2205284.600000
2205309.500000
2206651.700000
2207164.150000
2207485.950000
2209391.450000
2209837.350000
2209861.150000
2210563.050000
2211652.600000
2211964.500000
2212152.300000
2212766.250000
2213508.950000
2213958.450000
2214160.550000
2214253.600000
2214315.150000
2215280.250000
2218459.400000
2225167.250000
2226899.800000
2227324.700000
2228321.500000
2228375.600000
2228887.900000
2229764.350000
2229918.350000
2230874.950000
2231143.950000
2231922.100000
2232228.650000
2232439.600000
2232484.500000
2232863.350000
2232952.200000
2233192.700000
2235189.000000
2235338.050000
2235610.500000
2235758.200000
2236158.100000
2240850.350000
2241305.400000
2242018.500000
2242282.800000
2243129.750000
2249694.400000
2250581.700000
2251550.200000
2257218.850000
2257353.700000
2258218.200000
2258944.750000
2259722.150000
2260379.950000
2261499.350000
2261741.100000
2262637.300000
2264696.650000
2265273.950000
2277729.250000
2278827.300000
2284039.650000
2288489.850000
2290962.650000
2291081.700000
2291724.350000
2293364.500000
2293953.300000
2296876.550000
2298461.650000
2298728.600000
2300394.850000
2301652.450000
2304599.500000
2304885.500000
2305443.250000
2305602.800000
2305791.950000
2308955.100000
2309312.700000
2311097.450000
2311486.050000
2312150.750000
2312752.550000
2313311.100000
2313726.100000
2315637.350000
2315765.400000
2316198.450000
2316664.950000
2320929.200000
2324019.150000
2324307.200000
2325103.950000
2325666.250000
2326038.150000
2326325.350000
2332015.100000
2332565.750000
2333108.200000
2334588.700000
2334909.200000
2335180.100000
2335325.050000
2336487.700000
2336899.650000
2337303.800000
2337858.950000
2337986.750000
2339509.850000
2339626.750000
2339748.400000
2339896.850000
2339981.200000
2340216.750000
2343246.900000
2343765.900000
2343861.500000
2344467.550000
2344989.250000
2345312.600000
2345441.450000
2345605.050000
2346275.850000
2346371.550000
2346664.950000
2346717.300000
2347740.350000
2349809.700000
2350889.400000
2351178.450000
2351857.050000
2352139.400000
2352286.200000
2352655.600000
2353956.400000
2354589.650000
2354710.550000
2354815.300000
2355385.350000
2355587.900000
2355718.650000
2356437.200000
2357806.850000
2357958.700000
2358258.600000
2358342.750000
2358630.250000
2358749.700000
2360528.350000
2361188.200000
2361581.300000
2361710.450000
2361818.600000
2362026.150000
2362105.450000
2362265.300000
2362624.850000
2362724.900000
2362848.300000
2362998.300000
2363095.850000
2363536.650000
2363759.100000
2363891.050000
2364381.050000
2364465.100000
2364618.600000
2364828.950000
2364881.900000
2364989.200000
2365092.200000
2365212.350000
2365324.800000
2366033.850000
2367145.600000
2367501.700000
2367565.750000
2367623.200000
2367735.950000
2367815.600000
2367906.300000
2367998.100000
2368075.150000
2368269.000000
2368391.150000
2368727.550000
2369335.600000
2369719.900000
2369903.100000
2370103.900000
2370277.450000
2370399.350000
2370429.700000
2370860.150000
2371739.850000
2372037.550000
2372198.300000
2372308.650000
2372376.050000
2372922.950000
2373360.750000
2373578.750000
2373782.950000
2373837.750000
2375467.150000
2375605.650000
2375998.450000
2376092.600000
2376133.050000
2376226.800000
2376415.600000
2376582.250000
2377996.950000
2378010.250000
2378109.300000
2379477.050000
2379503.200000
2380186.700000
2381053.300000
2381306.250000
2381561.700000
2381829.700000
2381934.700000
2382042.600000
2382163.250000
2382277.900000
2382540.400000
2382759.100000
2384139.900000
2384490.850000
2385553.650000
2385950.650000
2386135.300000
2386244.100000
2386304.550000
2386714.300000
2386835.550000
2387033.700000
2387069.600000
2389086.850000
2389312.900000
2389476.350000
2396413.150000
2401354.400000
2401698.200000
2403687.850000
2404142.200000
2404231.150000
2404373.500000
2405290.200000
2405845.400000
2406365.950000
2406475.100000
2407170.050000
2407204.950000
2407352.700000
2410156.500000
2410542.100000
2410669.850000
2411126.850000
2413347.450000
2413961.200000
2414975.000000
2418031.450000
2419154.250000
2419238.050000
2425080.150000
2427271.600000
2432628.900000
2433471.450000
2438437.600000
2439005.650000
2441639.300000
2446269.500000
2446491.700000
2448793.500000
2448863.600000
2450035.650000
2452976.100000
2453646.850000
2455241.450000
2458721.650000
2458981.700000
2459869.200000
2460545.400000
2461030.550000
2462200.850000
2462424.350000
2463572.050000
2467783.150000
2468027.350000
2468397.950000
2468751.500000
2472108.350000
2472302.650000
2472341.150000
2473509.450000
2475152.700000
2475870.500000
2476575.150000
2478200.350000
2478348.300000
2478700.800000
2479145.950000
2480875.450000
2481681.200000
2481985.650000
2482217.150000
2482917.700000
2483898.750000
2484218.850000
2484311.300000
2486198.250000
2487305.050000
2487663.250000
2488021.750000
2488153.100000
2488296.350000
2488633.800000
2488750.050000
2489543.350000
2494576.750000
2496127.150000
2496566.050000
2496808.050000
2497299.100000
2499586.800000
2499806.900000
2508102.550000
2510145.200000
2516422.050000
2516690.100000
2518681.750000
2520070.550000
2522757.400000
2523203.000000
2523363.950000
2523443.150000
2524348.050000
2524385.200000
2525257.850000
2526128.350000
2526228.550000
2527105.700000
2527229.050000
2528199.100000
2528931.050000
2529047.400000
2529941.100000
2530080.800000
2530325.900000
2530676.900000
2530895.050000
2531034.600000
2531525.250000
2531749.800000
2531872.600000
2532671.950000
2533403.250000
2535322.800000
2540114.050000
2542481.950000
2543011.100000
2545255.150000
2545382.600000
2546888.000000
2554287.250000
2554812.350000
2558000.600000
2558263.150000
2558834.900000
2559114.250000
2559183.450000
2559508.200000
2564468.650000
2568168.300000
2569665.950000
2569838.900000
2570594.400000
2570984.450000
2571150.500000
2571233.250000
2571349.350000
2571634.600000
2571769.950000
2572926.650000
2573156.400000
2573727.100000
2574141.350000
2575261.400000
2577034.050000
2577983.150000
2578107.750000
2579866.100000
2580026.550000
2580139.250000
2580444.550000
2580520.750000
2580727.700000
2581141.750000
2583057.050000
2583201.750000
2583327.750000
2583672.400000
2583892.050000
2584030.200000
2584190.100000
2585536.050000
2585927.550000
2586189.350000
2586655.300000
2587010.200000
2588812.900000
2589067.250000
2589321.950000
2589447.100000
2589506.400000
2589787.550000
2589916.400000
2591575.000000
2592726.800000
2592874.350000
2593155.750000
2594466.400000
2594741.250000
2595741.250000
2598520.050000
2598931.850000
2600249.400000
2603386.700000
2604359.650000
2606037.850000
2606855.550000
2606928.000000
2607388.700000
2607878.700000
2608570.900000
2610789.750000
2611128.250000
2611369.900000
2612787.000000
2614197.300000
2614531.350000
2615121.800000
2615288.150000
2615368.950000
2615628.850000
2615846.350000
2616047.350000
2616438.250000
2617048.550000
2617574.300000
2618482.900000
2618505.550000
2618658.800000
2618809.350000
2618904.200000
2618947.450000
2619033.650000
2619110.450000
2619174.550000
2619228.550000
2619309.650000
2619808.200000
2619931.100000
2620041.650000
2620129.700000
2620265.250000
2620378.000000
2620763.850000
2621100.300000
2621156.800000
2621441.550000
2621602.500000
2621687.700000
2621773.200000
2621909.850000
2621991.950000
2623013.000000
2623611.650000
2623839.100000
2623981.900000
2624092.750000
2625477.000000
2626296.200000
2626393.000000
2626501.400000
2626537.900000
2626655.500000
2627022.400000
2627207.350000
2628051.750000
2628209.350000
2628344.050000
2628466.000000
2628600.650000
2628705.550000
2628857.750000
2629819.300000
2630063.500000
2630162.200000
2631152.400000
2631290.500000
2631406.800000
2631581.950000
2631979.650000
2632328.750000
2632832.100000
2633300.350000
2633546.200000
2633880.500000
2633917.900000
2633997.500000
2634154.000000
2635314.750000
2635446.700000
2635555.150000
2636117.800000
2638005.400000
2638092.050000
2638479.150000
2641882.550000
2642473.950000
2643828.200000
2644227.950000
2644258.550000
2646673.350000
2646980.350000
2647468.450000
2647555.350000
2647871.950000
2647945.900000
2648072.050000
2648191.450000
2648417.700000
2648607.150000
2649491.350000
2649953.450000
2650446.900000
2650710.950000
2652988.650000
2654659.700000
2655110.150000
2655482.700000
2656095.300000
2658123.300000
2658701.500000
2659132.150000
2659593.400000
2661239.150000
2662379.000000
2664511.350000
2664684.050000
2664761.200000
2666979.050000
2667510.900000
2667788.550000
2668076.950000
2669519.850000
2669663.200000
2670613.700000
2671111.500000
2672279.950000
2672445.800000
2673429.500000
2675091.300000
2680763.700000
2682167.900000
2683054.300000
2683509.750000
2685657.950000
2686047.400000
2688030.500000
2690943.250000
2694214.900000
2694302.350000
2694846.900000
2695550.300000
2696008.550000
2697278.850000
2697347.900000
2698564.600000
2698950.100000
2699206.450000
2699665.700000
2699844.200000
2699915.150000
2700315.700000
2700350.300000
2700400.200000
2700474.750000
2700557.200000
2700994.400000
2701420.950000
2703784.350000
2703920.600000
2704062.300000
2704168.750000
2704449.650000
2704638.450000
2705015.200000
2705146.500000
2705330.800000
2705703.400000
2706872.000000
2707316.100000
2707490.250000
2707715.650000
2709025.900000
2709291.950000
2710370.100000
2710992.150000
2711147.100000
2712100.050000
2712962.950000
2713562.700000
2713790.300000
2714353.000000
2714875.550000
2715109.650000
2715415.800000
2716704.150000
2716729.950000
2716831.450000
2716980.050000
2717132.750000
2717283.450000
2717384.400000
2717536.600000
2718023.000000
2718495.400000
2718815.350000
2718978.200000
2719108.450000
2719241.450000
2719396.400000
2719522.500000
2719602.800000
2719669.850000
2719806.750000
2720044.300000
2720140.250000
2720226.100000
2720294.600000
2722478.900000
2725377.250000
2725975.600000
2726457.100000
2726934.450000
2727751.950000
2727984.550000
2728107.200000
2728280.100000
2728636.550000
2729198.850000
2729308.400000
2734972.700000
2737737.450000
2741513.850000
2761311.750000
2762326.200000
2763034.450000
2764281.700000
2765143.400000
2767517.150000
2767738.800000
2768634.950000
2770281.200000
2770783.750000
2771208.650000
2772035.400000
2773324.050000
2775221.800000
2775567.650000
2775610.300000
2784820.050000
2786004.700000
2788832.350000
2790043.250000
2794442.900000
2795026.000000
2807064.600000
2807424.400000
2813299.950000
2818621.750000
2819508.600000
2819844.900000
2822082.250000
2822193.600000
2824843.800000
2826218.500000
2826309.800000
2830070.900000
2832439.700000
2834051.700000
2835909.600000
2837872.000000
2838162.200000
2838268.300000
2838876.150000
2839749.850000
2841720.550000
2847310.600000
2847892.650000
2848956.900000
2849185.300000
2851152.450000
2851369.700000
2851644.100000
2851875.550000
2852638.000000
2852759.050000
2853181.600000
2856075.800000
2857783.650000
2857805.300000
2857952.850000
2858332.450000
2858822.000000
2864317.350000
2868089.250000
2870349.450000
2872351.850000
2872487.200000
2874520.200000
2875138.800000
2879544.500000
2880029.600000
2880188.300000
2880271.800000
2881000.500000
2881984.700000
2882270.800000
2882344.950000
2882579.700000
2882966.900000
2883071.100000
2883172.350000
2884485.400000
2884712.950000
2884797.750000
2884842.250000
2884911.200000
2885047.500000
2885311.000000
2885499.150000
2886222.700000
2886880.050000
2886930.750000
2887067.050000
2887134.750000
2887197.150000
2887595.400000
2887902.650000
2888013.300000
2888270.900000
2889041.400000
2889230.250000
2889400.250000
2889556.700000
2889668.200000
2889801.700000
2890176.350000
2890293.850000
2890449.700000
2892578.900000
2893033.600000
2894306.700000
2895308.400000
2895383.700000
2898737.650000
2900762.000000
2900988.550000
2901229.050000
2904965.050000
2905197.350000
2905800.000000
2906052.700000
2908141.850000
2908587.450000
2909539.750000
2909971.750000
2910724.650000
2913290.350000
2915992.600000
2916235.550000
2916283.800000
2917889.850000
2918175.900000
2918273.100000
2919830.250000
2920104.950000
2920311.800000
2922559.100000
2922600.100000
2922660.900000
2922743.350000
2922947.150000
2924276.100000
2924579.800000
2924644.550000
2924928.600000
2925730.150000
2926223.050000
2926467.950000
2926670.300000
2926743.150000
2926854.550000
2926918.600000
2927005.750000
2927350.100000
2929034.850000
2929571.900000
2930357.350000
2930818.700000
2930926.500000
2930967.400000
2931050.000000
2931167.800000
2932522.650000
2932646.250000
2932704.250000
2932837.550000
2932907.050000
2933291.100000
2934633.650000
2934773.900000
2934851.850000
2935834.400000
2936044.450000
2936524.750000
2936592.550000
2936801.500000
2936874.450000
2937711.950000
2937981.850000
2938647.650000
2939076.650000
2939304.800000
2940187.450000
2940970.850000
2941080.850000
2941142.550000
2941295.750000
2942496.600000
2942663.000000
2942741.900000
2942825.000000
2944036.350000
2944570.550000
2945049.100000
2945213.550000
2945308.400000
2945385.900000
2945755.100000
2946401.650000
2946963.650000
2947173.300000
2947395.200000
2947532.750000
2948066.100000
2948932.750000
2949723.250000
2949839.500000
2950761.850000
2951468.000000
2953012.150000
2953131.850000
2953169.700000
2953699.450000
2953778.150000
2954019.550000
2954318.450000
2954800.950000
2954984.650000
2955945.000000
2956948.950000
2958310.350000
2960099.800000
2960256.750000
2960341.200000
2960590.550000
2961071.700000
2962044.600000
2962075.200000
2962218.000000
2962350.800000
2962590.700000
2964163.600000
2964171.800000
2964363.600000
2965123.200000
2965241.700000
2966036.500000
2966274.550000
2966958.750000
2967070.900000
2967177.350000
2970278.550000
2970446.600000
2970470.400000
2971122.450000
2971654.450000
2971699.100000
2972096.250000
2973016.800000
2973790.700000
2973940.300000
2974029.000000
2975201.750000
2975582.350000
2976337.550000
2976561.050000
2977230.250000
2978197.050000
2978321.250000
2978651.050000
2979521.000000
2980403.600000
2981458.450000
2981780.500000
2982478.450000
2982831.500000
2983201.550000
2983426.850000
2983688.050000
2983846.500000
2984853.700000
2985003.550000
2986258.050000
2986895.300000
2987000.850000
2987103.700000
2988162.500000
2988550.700000
2989500.400000
2990217.300000
2990946.550000
2991494.700000
2991652.000000
2992329.050000
2993572.100000
2993965.050000
2994906.350000
2995012.300000
2996236.000000
2996551.700000
2996726.100000
3001286.150000
3002257.850000
3005184.450000
3006451.600000
3006740.200000
3007005.100000
3007413.750000
3008237.900000
3008626.100000
3009329.350000
3009703.350000
3010000.800000
3010173.450000
3010456.900000
3011512.800000
3011860.500000
3011982.950000
3012708.150000
3013768.350000
3016775.850000
3017815.200000
3022532.950000
3022750.150000
3023171.200000
3024210.600000
3024755.100000
3025505.950000
3025598.100000
3025775.600000
3026773.650000
3027410.750000
3027745.650000
3028488.850000
3029446.700000
3030425.150000
3030803.450000
3030933.200000
3032676.850000
3033073.150000
3034708.100000
3035187.600000
3035251.400000
3035365.100000
3036421.400000
3037298.200000
3037342.550000
3037449.600000
3040891.900000
3041006.400000
3042691.450000
3042973.550000
3044346.250000
3045149.000000
3046364.450000
3046609.950000
3047260.200000
3048425.150000
3048540.400000
3049310.900000
3049493.750000
3049662.600000
3049947.350000
3052489.500000
3052573.700000
3056359.150000
3056625.450000
3057261.800000
3057412.700000
3057549.450000
3057689.100000
3060814.400000
3061559.750000
3063584.550000
3063979.850000
3064325.850000
3064445.050000
3064561.400000
3064719.950000
3066567.100000
3066942.050000
3069704.750000
3069867.500000
3070219.200000
3070374.700000
3073605.000000
3073784.450000
3075704.700000
3075843.700000
3077344.400000
3079301.800000
3080028.850000
3080188.100000
3080323.050000
3080449.550000
3080590.750000
3081525.100000
3086061.700000
3086919.450000
3088666.100000
3092812.100000
3095624.250000
3096630.800000
3099780.050000
3100001.500000
3100264.750000
3100694.800000
3104021.150000
3104703.100000
3106474.300000
3109106.700000
3111099.900000
3111162.200000
3111520.000000
3112188.100000
3112331.850000
3112865.450000
3115599.400000
3118298.250000
3120396.700000
3123144.650000
3126421.950000
3126735.500000
3127291.100000
3128584.700000
3128703.200000
3128772.100000
3128834.100000
3129595.550000
3130044.600000
3130410.200000
3130521.700000
3130659.550000
3132959.550000
3134092.350000
3134167.650000
3134434.300000
3135684.750000
3138288.150000
3138974.600000
3139127.350000
3139417.000000
3141320.500000
3141542.800000
3141799.850000
3141987.500000
3142697.900000
3144217.750000
3144308.100000
3145350.500000
3145500.350000
3146052.750000
3146613.550000
3147481.500000
3148003.950000
3148301.800000
3148587.750000
3149181.600000
3149373.500000
3150583.400000
3151417.700000
3151462.050000
3152058.550000
3152234.500000
3154133.100000
3154215.600000
3155697.450000
3155773.300000
3156006.250000
3156127.400000
3157488.750000
3157889.950000
3157992.500000
3158426.850000
3160158.150000
3160244.050000
3160669.000000
3161515.100000
3162380.000000
3164111.250000
3168156.050000
3168996.450000
3169125.800000
3169992.650000
3170783.250000
3170919.500000
3171460.950000
3171746.000000
3172169.200000
3173222.800000
3173340.050000
3174088.700000
3175198.550000
3175313.450000
3175474.650000
3176887.300000
3177019.300000
3178247.050000
3178415.650000
3178555.700000
3178674.300000
3178851.250000
3179229.950000
3179510.250000
3182107.650000
3183100.200000
3184513.700000
3186333.350000
3186464.400000
3186765.050000
3186821.800000
3186852.550000
3186951.100000
3187560.150000
3187680.800000
3187824.700000
3187940.850000
3189060.200000
3190386.350000
3190770.600000
3191096.650000
3191573.700000
3192335.550000
3193195.050000
3193804.050000
3195154.900000
3195189.250000
3199029.200000
3200499.600000
3200735.750000
3203357.150000
3203511.750000
3203951.800000
3204343.650000
3205994.500000
3208211.300000
3209281.950000
3214804.850000
3215653.900000
3215913.450000
3216295.600000
3216709.550000
3217064.900000
3217180.200000
3217309.350000
3218125.400000
3218477.850000
3218874.850000
3219111.850000
3220121.750000
3220241.550000
3220404.100000
3220664.000000
3222091.750000
3223400.950000
3224118.600000
3225052.050000
3225433.950000
3225655.650000
3232722.150000
3233303.450000
3233894.700000
3235708.750000
3235898.050000
3236625.200000
3241341.300000
3244298.750000
3247806.250000
3254615.150000
3255191.400000
3256937.400000
3257896.700000
3257912.250000
3260674.650000
3262305.100000
3263157.400000
3265292.800000
3265491.150000
3266197.400000
3268732.150000
3269339.000000
3269508.300000
3270091.550000
3273471.400000
3280694.150000
3290042.300000
3291388.100000
3291527.350000
3292002.250000
3292667.700000
3292872.700000
3293258.150000
3293557.650000
3297558.450000
3297857.100000
3300880.900000
3302203.800000
3304311.450000
3306664.500000
3308001.250000
3308715.350000
3317401.550000
3319761.250000
3320354.450000
3323234.550000
3323461.000000
3326306.400000
3334133.000000
3338054.850000
3341969.300000
3342621.250000
3343892.750000
3344148.300000
3345904.950000
3346340.050000
3346688.800000
3349160.000000
3351019.450000
3351860.400000
3353654.650000
3355356.200000
3355484.600000
3356688.150000
3356727.750000
3357824.200000
3358159.050000
3358866.000000
3369802.650000
3370896.850000
3372385.350000
3372640.000000
3373260.600000
3374515.500000
3375092.950000
3375389.000000
3375631.300000
3377183.950000
3377521.300000
3379644.350000
3381420.900000
3383139.600000
3383367.550000
3383462.250000
3383719.350000
3388674.050000
3389091.500000
3389170.050000
3389827.800000
3390066.050000
3390360.650000
3391052.300000
3392088.150000
3402315.600000
3407329.100000
3412096.500000
3423889.750000
3426694.900000
3439295.450000
3439419.450000
3440012.750000
3440090.350000
3440351.650000
3440899.750000
3441248.900000
3442275.350000
3442413.800000
3443969.950000
3446061.000000
3448631.550000
3448755.350000
3451041.650000
3452880.250000
3453181.150000
3454671.500000
3459292.050000
3461102.850000
3462437.000000
3462961.850000
3468931.700000
3470685.050000
3471331.100000
3471627.350000
3471754.650000
3472807.600000
3473554.900000
3474433.150000
3475283.750000
3476090.750000
3477341.550000
3479476.900000
3480432.200000
3485246.150000
3489734.300000
3491750.500000
3492252.000000
3493663.400000
3493805.000000
3495005.800000
3495977.650000
3496841.150000
3497162.200000
3498197.300000
3499421.550000
3500112.150000
3503309.350000
3503351.700000
3503737.050000
3507326.900000
3509311.550000
3512105.700000
3512537.650000
3512568.600000
3512679.250000
3512831.050000
3512896.100000
3512947.800000
3513106.200000
3515105.150000
3515178.600000
3515923.500000
3517463.100000
3522057.400000
3528940.300000
3530927.200000
3540095.300000
3542640.800000
3547203.950000
3550301.200000
3552175.700000
3553777.950000
3554863.850000
3557373.200000
3558086.450000
3558235.650000
3558388.850000
3559799.650000
3561815.750000
3563791.850000
3576757.800000
3604999.550000
3611427.500000
3615426.400000
3615620.850000
3617735.900000
3620195.200000
3622154.500000
3623104.100000
3623561.350000
3625620.100000
3627988.200000
3628523.700000
3632880.750000
3634262.900000
3634588.800000
3635398.500000
3637169.550000
3637241.800000
3637888.250000
3638886.700000
3640687.900000
3641501.050000
3642387.900000
3642987.550000
3645079.600000
3647601.400000
3648329.000000
3655418.450000
3655650.100000
3656096.750000
3656389.900000
3656596.750000
3657118.450000
3658196.900000
3673234.850000
3686760.450000
3689599.100000
3692701.850000
3697219.800000
3697407.400000
3700977.200000
3701184.550000
3711946.450000
3714868.150000
3715392.700000
3718563.200000
3719306.550000
3720092.900000
3720377.800000
3721027.250000
3721778.000000
3722018.400000
3722411.250000
3722488.700000
3722743.000000
3722899.800000
3723235.600000
3724253.700000
3739387.800000
3742544.050000
3743001.400000
3745950.550000
3746021.950000
3746187.000000
3746451.150000
3762316.450000
3762704.050000
3765132.950000
3765486.650000
3766427.950000
3766787.400000
3767042.250000
3767528.750000
3768428.400000
3768927.900000
3769544.450000
3771406.450000
3771820.000000
3772271.000000
3772380.600000
3773072.300000
3773224.000000
3773338.300000
3773575.950000
3779807.700000
3781557.250000
3781974.200000
3788152.800000
3788486.700000
3795457.050000
3795652.200000
3825377.100000
3829433.850000
3831976.550000
3838568.500000
3850934.100000
3856391.650000
3857927.400000
3860259.050000
3863593.250000
3869093.800000
3871359.400000
3890819.350000
3893588.900000
3899094.750000
3912509.700000
3918556.400000
3975690.750000
3977686.300000
3982154.300000
3986539.750000
4014448.700000
4018630.150000
4029545.000000
4045020.600000
4046368.800000
4052515.300000
4052933.000000
4076876.450000
4077556.500000
4077891.350000
4084808.450000
4084903.150000
4148154.100000
4182233.300000
4182356.700000
4227221.100000
4238630.000000
4296591.450000
4344714.700000
4358977.400000
4362693.450000
4432152.950000
4436175.400000
4458233.400000
4736536.250000
4919273.650000
