4066.550000
4325.400000
4849.850000
4889.400000
4992.000000
5129.350000
8589.250000
8599.800000
8604.800000
8624.000000
8864.800000
8871.500000
9088.650000
13168.150000
20322.000000
81774.950000
114812.750000
118620.000000
118625.450000
119260.450000
119485.100000
119608.600000
119745.000000
119751.650000
119871.450000
120004.350000
120008.200000
120201.100000
120205.300000
120216.350000
120221.850000
120255.500000
121237.750000
126160.750000
126788.600000
126916.850000
126923.350000
126927.950000
160998.000000
213681.750000
237919.450000
245596.350000
245624.950000
263912.550000
277392.650000
287845.250000
287851.450000
287860.700000
288640.600000
288697.800000
288701.900000
288708.000000
288711.950000
288802.650000
288806.200000
288812.100000
293988.250000
306121.000000
306228.050000
306326.050000
306413.000000
306469.150000
306566.750000
306573.250000
306836.350000
307127.400000
307133.850000
317284.900000
317393.700000
317480.650000
317511.150000
317595.700000
317610.250000
317618.300000
317668.000000
317671.850000
317723.400000
317727.300000
337245.850000
337250.350000
347020.350000
372825.900000
468960.950000
470848.700000
470858.500000
489456.650000
489506.750000
504684.500000
563467.900000
604665.200000
607980.900000
619034.500000
619042.850000
619138.450000
619142.050000
619230.350000
619233.400000
619243.150000
619250.150000
619254.950000
619348.200000
619354.700000
619361.900000
619452.550000
619474.600000
619502.600000
619722.300000
620441.850000
620468.000000
620472.950000
620492.900000
620532.050000
620636.050000
620641.550000
620776.400000
620782.950000
620802.000000
620807.050000
620945.250000
621051.950000
621151.000000
621189.050000
621208.350000
621256.750000
621369.100000
621761.350000
621774.850000
621905.800000
621942.700000
621946.750000
621953.550000
621957.750000
622056.850000
622085.900000
622091.400000
622167.750000
622988.600000
622995.900000
623663.950000
624190.350000
624197.650000
624254.950000
624451.700000
624569.300000
624687.550000
624709.450000
624800.350000
624804.750000
624815.500000
624822.100000
624888.500000
624891.850000
624898.400000
624904.600000
624996.900000
625000.950000
625007.350000
625045.750000
625173.350000
625184.500000
625273.400000
625313.950000
626245.850000
626911.400000
626923.250000
627099.800000
627103.400000
627119.150000
627133.300000
627142.550000
627414.700000
627437.050000
627515.550000
627878.900000
627907.800000
627986.800000
628234.950000
628242.900000
628382.650000
628472.500000
628477.700000
628485.200000
628499.900000
628613.700000
628771.500000
628893.350000
629568.200000
630445.000000
631012.900000
631055.450000
631063.550000
631700.800000
631973.650000
632018.650000
632060.900000
632253.750000
632258.050000
632346.100000
632623.550000
632689.600000
632795.600000
632937.700000
632941.750000
632947.850000
632966.500000
632972.900000
633103.550000
633799.700000
633804.600000
634302.200000
635458.050000
635689.300000
635821.800000
635833.800000
635945.350000
635951.700000
636003.000000
636148.500000
636153.850000
636167.250000
636200.650000
636212.500000
636450.000000
636460.800000
637162.100000
637224.400000
637315.400000
637513.850000
637951.650000
637957.600000
637970.750000
638051.600000
638060.900000
638069.150000
638083.850000
638160.850000
638164.600000
638170.750000
638286.350000
638298.750000
638304.700000
638312.000000
638450.300000
638480.350000
638866.050000
639657.000000
639782.050000
639837.500000
639843.850000
639890.800000
639903.200000
639920.050000
639949.700000
639963.100000
639971.250000
639988.700000
640017.300000
640026.600000
640177.850000
640275.550000
640308.500000
640328.050000
640433.800000
640624.250000
640686.750000
640693.150000
640935.200000
641206.450000
641212.500000
641222.950000
641776.600000
641857.900000
641864.550000
641886.900000
641895.000000
641899.400000
641904.300000
642057.850000
642079.700000
642296.400000
642332.450000
642340.000000
642350.550000
642479.300000
642489.900000
642494.400000
642781.100000
643453.800000
643885.550000
644150.650000
644163.350000
644178.350000
644279.050000
644283.850000
644299.300000
644345.150000
644350.450000
644430.900000
644438.950000
644451.050000
644868.700000
644892.450000
644904.700000
644909.800000
644923.650000
644938.150000
645034.000000
645204.950000
645248.450000
646019.100000
646039.150000
646162.300000
646183.750000
646331.600000
646443.700000
646453.350000
646503.600000
646507.500000
646512.450000
646636.950000
646641.250000
646647.900000
646740.200000
646759.900000
646771.250000
646780.500000
646787.250000
646809.550000
646816.200000
646866.750000
647052.250000
647092.350000
647097.050000
647221.250000
647863.550000
647883.500000
648028.650000
648046.300000
648053.500000
648072.500000
648131.550000
648167.200000
648179.750000
648278.500000
648327.050000
648526.200000
648695.750000
648804.150000
648862.950000
648922.150000
648927.000000
648955.250000
649101.100000
649110.850000
649221.050000
649264.550000
649413.300000
649522.500000
649543.400000
649564.800000
649635.550000
649679.450000
649805.900000
649818.250000
649895.400000
649918.900000
649930.900000
650208.950000
650220.550000
650230.150000
650236.000000
650373.750000
650379.450000
650490.950000
650732.550000
650763.650000
650770.650000
650912.200000
650933.800000
650941.850000
651025.850000
651044.850000
651059.300000
651066.050000
651193.300000
651205.350000
651439.000000
651466.600000
651495.600000
651504.850000
651543.950000
651560.450000
651610.600000
651800.300000
651814.350000
651843.300000
651867.650000
651913.550000
651959.600000
651977.950000
651984.450000
652005.650000
652022.900000
652049.000000
652054.650000
652066.500000
652104.650000
652122.000000
652248.200000
652264.000000
652276.750000
652372.050000
652375.150000
652379.500000
652494.700000
653152.450000
653169.800000
653194.500000
653232.800000
653666.350000
653678.250000
653689.300000
653709.450000
653719.700000
653746.750000
653753.650000
653779.100000
653785.200000
653806.650000
653816.750000
653853.350000
653889.050000
653901.100000
653911.850000
653931.050000
653982.100000
653986.350000
654036.950000
654040.700000
654048.000000
654179.700000
654183.550000
654242.200000
654307.100000
654329.700000
654334.250000
654584.250000
654588.650000
654604.750000
654653.550000
654754.950000
654762.650000
654779.500000
654840.000000
654860.250000
654866.050000
654988.750000
654993.650000
655006.900000
655040.450000
655155.450000
655165.350000
655219.850000
655224.150000
655246.600000
655259.400000
655842.000000
655854.800000
655861.850000
655885.750000
655901.150000
655914.950000
655931.700000
655946.150000
655957.850000
656176.000000
656254.600000
656273.800000
656304.250000
656358.750000
656378.250000
656552.750000
656667.350000
656723.750000
656783.750000
656857.950000
656861.500000
657005.550000
658524.950000
658530.450000
658617.450000
658628.250000
658632.200000
658759.550000
658770.850000
658902.750000
658907.450000
658972.450000
658978.150000
659051.000000
659093.550000
659104.800000
659186.650000
659199.500000
659286.000000
659301.050000
659307.250000
659452.900000
659511.300000
659514.950000
659525.700000
659688.850000
659789.650000
659794.800000
660269.150000
660275.700000
660309.250000
660421.650000
682412.450000
682547.900000
682867.800000
682881.100000
682885.300000
682906.000000
682909.700000
682913.600000
683001.400000
683008.700000
684038.650000
684059.100000
684075.550000
684086.300000
684096.650000
684178.950000
685499.100000
685738.150000
687517.600000
687872.000000
688749.150000
688753.200000
689295.200000
690527.700000
690745.650000
691804.950000
692308.000000
692320.050000
693001.950000
693021.250000
693357.000000
693699.450000
694348.900000
695220.950000
695410.900000
695436.350000
696338.900000
696794.500000
697029.850000
697136.850000
700534.900000
702145.450000
702574.500000
702887.550000
702891.450000
702904.100000
704851.800000
704952.400000
704965.300000
704969.050000
704994.850000
704999.150000
705416.350000
705515.400000
705552.050000
705584.300000
705610.300000
705615.250000
705633.500000
705643.300000
705647.150000
705760.000000
705780.750000
705824.000000
705848.450000
705874.550000
705879.700000
705886.450000
705935.450000
705955.500000
705964.400000
705978.100000
706141.250000
706219.300000
706240.550000
706339.750000
711798.000000
724813.950000
725413.100000
738104.200000
739222.800000
748885.850000
769278.350000
789804.050000
812895.100000
850949.900000
862575.550000
862927.650000
862931.500000
863037.200000
863042.650000
863047.600000
863263.600000
863267.000000
863391.050000
863394.300000
863399.500000
863522.900000
863526.350000
863625.700000
863646.000000
863652.550000
863738.000000
863968.950000
863975.950000
863997.450000
864135.500000
864236.600000
864252.800000
864256.600000
864369.200000
864377.900000
865860.300000
865977.750000
865988.150000
866110.400000
866118.050000
866491.550000
866609.450000
866620.100000
866846.650000
866852.000000
867205.300000
867246.100000
867253.150000
867434.450000
867443.150000
867447.550000
867559.300000
867689.550000
867693.650000
867937.700000
867951.000000
867981.350000
868201.900000
868210.700000
868224.000000
868320.000000
868325.550000
868333.250000
868356.000000
868491.650000
868840.050000
868844.100000
868956.000000
868968.350000
871823.900000
871838.700000
871957.850000
871962.550000
871974.150000
872217.650000
872234.700000
873303.900000
873411.300000
873415.600000
873427.250000
873594.000000
873723.050000
874298.050000
874312.200000
875023.400000
877639.750000
878644.700000
878649.150000
878770.000000
878780.400000
878785.150000
879046.550000
879051.200000
879055.700000
880676.600000
880820.650000
880827.950000
880833.700000
880970.350000
880989.350000
880994.350000
881504.200000
881508.750000
881542.600000
881546.450000
881553.600000
881700.150000
881831.150000
881854.850000
881862.150000
881871.500000
882097.700000
882105.600000
882111.050000
882918.200000
883980.850000
887800.750000
887806.500000
888076.200000
889447.550000
889453.600000
889460.850000
889599.050000
889616.850000
889782.500000
889796.700000
889918.100000
889925.250000
889930.550000
890545.300000
890555.600000
890559.700000
890832.950000
890840.050000
890882.100000
890888.100000
890994.200000
890999.950000
891008.150000
891522.200000
891540.600000
891576.300000
893407.300000
893422.100000
893436.350000
894416.500000
895773.300000
895783.200000
895787.650000
895791.950000
895867.250000
895876.150000
897434.700000
898520.300000
898525.050000
902403.950000
903041.100000
903046.550000
903177.200000
903181.250000
903346.700000
903351.750000
903358.650000
904767.600000
904898.250000
904907.450000
904911.550000
905362.100000
905519.700000
905524.000000
905787.900000
905817.600000
905821.350000
905954.750000
905959.700000
905964.250000
906106.250000
906111.600000
906138.450000
906161.400000
906166.300000
906445.250000
906450.350000
907675.500000
907681.200000
907687.050000
908079.150000
908207.350000
908211.050000
908214.800000
908713.150000
908720.150000
909130.000000
909134.200000
909257.250000
909265.850000
909270.900000
909289.000000
910501.750000
910636.650000
910751.800000
910756.050000
910760.350000
911530.400000
911643.350000
911647.300000
911927.950000
912734.900000
912848.550000
912852.400000
912859.050000
912997.050000
913597.550000
913602.300000
913748.800000
913752.950000
913929.800000
913934.900000
914059.700000
914201.100000
914206.200000
916357.550000
916364.650000
916873.700000
916887.100000
917290.950000
917295.300000
917554.050000
917566.000000
917596.950000
917841.350000
918325.850000
918329.950000
918341.400000
919091.350000
919101.200000
919212.900000
919220.150000
919226.800000
919230.950000
919234.900000
919845.600000
920560.000000
920569.050000
920574.300000
920840.050000
921137.000000
921154.400000
921243.500000
921260.300000
921552.700000
921561.000000
921568.800000
921577.450000
921767.450000
921771.150000
921776.050000
921785.150000
921828.150000
921832.450000
921838.900000
921844.700000
922083.950000
922382.650000
922387.850000
922998.650000
923109.350000
923115.750000
923122.450000
923809.050000
923835.300000
923841.250000
923941.600000
924053.950000
924060.650000
924347.650000
925476.100000
925480.950000
925961.250000
925971.050000
925975.950000
925982.500000
925986.650000
926184.900000
926188.650000
926200.050000
926211.550000
926217.400000
926222.300000
926229.450000
926361.650000
926370.400000
926379.250000
926394.750000
926399.500000
926581.600000
926615.000000
926618.850000
927369.300000
927490.050000
927810.500000
927824.350000
927953.150000
927974.700000
927982.050000
927986.650000
927994.200000
927998.450000
928114.400000
928123.400000
928483.750000
928488.500000
928621.950000
928629.150000
928767.150000
928773.450000
928969.100000
929196.850000
929206.250000
929216.400000
929230.600000
929281.100000
929289.950000
929299.000000
929356.250000
929442.250000
929679.300000
929688.200000
930538.650000
930661.950000
932600.400000
932625.750000
932685.700000
932960.000000
932964.400000
932969.000000
933255.600000
933289.250000
933327.650000
933351.250000
933367.500000
933448.350000
933452.850000
933477.000000
933489.850000
933531.850000
933536.850000
933612.900000
940191.500000
940204.800000
940765.950000
940773.200000
941390.050000
941399.100000
941414.850000
941449.950000
941454.150000
941458.200000
941519.200000
941638.750000
941652.150000
941669.550000
941727.450000
941747.950000
941758.650000
941764.300000
941786.700000
941817.000000
941860.950000
941915.250000
941986.300000
942017.400000
942273.100000
942293.600000
942297.550000
942376.050000
942413.200000
943031.900000
943094.200000
943209.900000
943296.850000
943312.100000
943317.650000
943337.400000
943382.300000
943385.700000
943400.500000
943407.100000
943424.500000
943469.650000
943500.750000
943504.950000
943511.750000
943534.700000
943556.050000
943575.750000
943769.600000
943773.600000
945394.250000
945475.100000
945479.000000
945609.700000
945632.100000
945636.200000
945722.750000
945738.100000
945742.150000
945762.400000
945772.500000
946222.900000
946227.550000
946491.150000
946499.550000
946520.150000
946523.850000
946728.950000
946737.950000
946750.050000
946791.400000
947401.200000
947415.450000
947420.600000
947424.500000
947430.250000
947550.250000
947554.550000
947559.100000
947567.950000
947587.800000
947925.450000
948066.350000
948070.200000
948078.650000
948117.850000
948143.150000
948151.900000
948245.600000
948370.200000
948374.950000
948521.650000
948663.550000
948673.350000
948862.800000
948871.600000
948877.750000
948885.450000
948911.350000
948924.750000
949122.300000
949292.050000
949301.250000
949497.300000
949560.600000
949679.400000
949764.700000
949771.450000
949868.750000
949976.300000
949981.000000
949986.550000
949996.900000
950285.800000
950290.050000
950348.500000
950479.800000
950518.250000
950527.450000
950636.050000
950640.800000
950692.800000
950701.600000
950764.950000
950769.650000
950778.950000
950784.050000
950796.150000
950927.550000
950930.950000
950945.250000
950954.550000
950989.100000
951269.950000
951279.400000
951292.150000
951296.200000
951303.300000
951710.400000
951809.450000
951817.300000
951825.100000
951829.300000
951969.550000
951973.400000
951983.850000
952053.550000
952059.900000
952065.400000
952071.100000
952157.200000
952259.750000
952264.050000
952424.950000
953352.250000
953367.100000
953376.500000
953382.450000
953397.100000
953405.100000
954303.850000
954359.150000
954479.200000
954496.700000
954501.600000
954577.050000
955124.400000
955259.400000
955264.000000
955384.850000
955395.850000
955429.400000
955433.950000
955531.750000
956061.300000
956638.800000
956703.050000
956737.950000
957687.000000
957695.650000
959098.750000
959552.200000
961517.400000
961935.700000
961950.600000
962026.000000
962032.850000
962045.050000
962551.050000
963821.850000
963827.800000
963846.850000
963852.500000
963899.150000
963902.750000
963920.850000
963940.800000
963974.750000
963991.450000
964047.700000
964125.400000
964148.050000
964323.500000
964518.600000
964557.300000
964656.800000
964749.350000
964758.150000
965046.500000
965058.700000
965072.400000
965085.550000
965143.600000
965153.450000
965166.250000
965175.600000
965223.250000
965228.400000
965259.200000
965350.400000
965354.950000
965360.550000
965367.900000
965374.050000
965427.050000
965459.450000
965505.800000
965550.350000
965557.600000
965702.800000
965764.600000
965771.950000
965814.250000
965907.800000
965912.800000
966009.700000
966014.400000
966023.150000
966033.700000
966048.000000
966131.300000
966134.550000
966139.500000
966160.400000
966262.800000
967392.300000
967405.700000
967697.150000
967703.600000
967755.450000
967783.200000
968799.000000
968806.900000
969358.800000
969365.950000
970314.300000
970327.950000
970954.200000
970987.750000
970991.800000
971000.650000
971015.300000
971265.800000
971270.300000
971276.250000
971322.850000
971337.550000
971771.250000
971778.700000
971792.600000
972052.550000
972058.550000
972127.100000
972134.550000
972171.350000
972183.550000
972190.200000
972276.450000
972286.800000
972383.900000
972401.000000
972525.550000
972631.400000
972636.650000
972673.100000
972678.000000
972685.300000
972691.250000
972746.750000
972752.750000
972802.700000
972815.900000
972838.350000
972896.100000
972949.450000
972991.150000
973018.450000
973029.600000
973063.850000
973093.350000
973106.550000
973139.250000
973242.050000
973288.450000
973323.750000
973328.250000
973343.050000
973378.850000
973393.150000
973680.700000
974236.850000
975519.350000
975823.050000
975908.600000
976169.250000
976174.650000
976211.000000
976215.650000
976452.450000
976494.200000
976662.450000
976746.750000
976758.100000
976763.100000
976887.350000
976966.400000
976970.750000
976978.650000
977014.450000
977022.550000
977496.750000
977508.050000
977574.100000
977611.550000
977649.700000
977653.200000
977661.750000
977667.800000
978189.300000
978222.800000
978256.850000
978265.100000
978271.950000
978292.800000
978310.750000
978368.400000
978428.850000
978440.700000
978486.300000
978502.700000
978516.550000
978611.050000
978620.950000
978625.500000
978635.900000
978761.550000
978766.900000
978782.650000
978850.600000
978869.900000
978876.250000
978893.350000
978940.650000
978959.750000
978967.000000
979001.800000
979011.100000
979022.850000
979126.450000
979187.200000
979202.800000
979207.700000
979217.500000
979230.000000
979254.700000
979394.950000
979400.000000
979487.300000
979496.450000
979504.150000
979742.700000
979748.750000
979759.900000
979773.150000
979786.850000
979850.350000
980315.000000
980324.800000
980333.000000
980347.950000
980370.650000
980423.550000
980428.150000
980438.800000
980450.650000
980465.350000
980481.650000
980495.550000
980499.750000
980607.300000
980611.250000
980615.900000
980750.200000
980754.450000
980786.050000
980813.000000
980905.500000
980942.250000
980948.750000
980998.900000
981008.450000
981015.100000
981030.300000
981150.650000
981154.300000
981168.300000
981178.800000
981276.050000
981280.550000
981287.350000
981405.000000
981410.650000
981445.050000
981502.000000
981508.150000
981514.900000
981591.550000
981610.800000
981623.850000
981636.850000
981644.700000
981756.750000
981898.100000
982211.850000
982218.750000
982276.900000
982282.700000
982291.550000
982361.700000
982393.100000
982406.750000
982417.750000
982428.100000
982451.200000
982506.600000
982758.700000
982777.100000
982869.450000
982873.150000
982889.400000
983003.400000
983012.150000
983020.600000
983032.750000
983063.300000
983188.150000
983193.000000
983615.350000
983636.500000
983640.250000
983646.800000
983686.900000
983690.800000
983717.600000
983728.900000
983741.200000
983982.150000
983991.000000
984039.250000
984160.300000
984238.650000
984243.750000
984256.350000
984625.200000
984632.100000
985296.000000
985308.650000
985328.350000
985333.150000
985347.050000
986012.900000
986022.700000
986037.500000
986041.950000
986160.200000
986174.250000
986192.300000
986209.000000
986242.400000
986252.350000
986267.800000
986355.650000
986371.900000
986555.150000
986702.000000
986803.350000
987385.350000
987388.850000
987398.050000
987438.750000
987481.250000
987552.550000
987568.250000
987734.700000
987760.850000
987765.950000
987996.600000
988000.350000
988005.150000
988060.000000
988328.250000
988337.850000
988462.900000
988467.300000
988523.800000
988542.250000
988551.950000
988571.600000
988577.400000
988592.350000
988605.150000
988642.600000
988848.750000
988877.200000
988897.450000
988973.000000
989000.250000
989464.300000
989474.650000
989491.050000
989499.300000
989534.900000
989571.550000
989592.300000
990212.100000
990217.300000
990227.700000
990273.750000
990305.000000
990323.600000
990338.900000
990350.500000
990429.550000
990433.100000
990690.700000
990695.150000
990705.250000
991039.900000
991163.400000
991170.450000
991175.450000
992707.300000
992716.500000
992722.650000
993467.600000
994007.800000
994014.550000
994019.250000
994027.850000
994045.500000
994080.900000
994108.300000
994113.000000
994232.150000
995115.250000
995120.300000
995125.400000
995131.800000
995145.050000
995155.950000
995231.950000
995259.550000
995290.450000
995294.800000
995302.800000
995320.800000
995347.400000
995351.850000
995369.150000
995389.250000
995489.000000
995500.550000
995579.700000
995586.500000
995651.000000
995675.450000
995698.100000
995787.150000
995930.250000
995966.050000
996060.400000
996067.850000
996083.000000
996110.350000
996129.750000
996237.750000
996241.600000
996254.700000
996263.700000
996285.750000
996338.550000
996341.900000
996366.750000
996409.750000
996505.500000
996509.800000
996642.850000
996833.150000
996871.400000
996883.550000
997249.300000
997287.100000
997312.400000
997636.950000
997686.000000
997694.900000
997704.650000
997712.550000
997859.400000
997875.900000
997904.000000
997973.900000
997978.200000
998010.700000
998057.500000
998074.200000
998106.650000
998120.150000
998143.500000
998152.500000
998221.950000
998237.250000
998322.750000
998334.500000
998369.750000
998385.500000
998461.750000
998519.400000
998587.400000
998624.150000
998644.600000
998659.900000
998704.200000
998828.600000
998835.550000
998843.700000
998960.350000
999108.750000
999213.000000
999256.950000
999406.050000
999473.600000
999498.200000
999596.600000
999606.850000
999621.150000
999703.900000
999716.950000
999731.250000
999750.450000
999763.800000
999890.000000
1000120.050000
1000215.900000
1000220.900000
1000242.400000
1000251.050000
1000261.950000
1000273.450000
1000282.100000
1000313.450000
1000344.200000
1000360.100000
1000386.050000
1000442.950000
1000471.400000
1000694.150000
1000827.350000
1000843.500000
1003473.700000
1003482.400000
1003489.100000
1005432.450000
1005436.850000
1051900.200000
1054373.400000
1054393.650000
1054403.050000
1054406.900000
1054411.400000
1054513.450000
1054521.000000
1054528.250000
1054620.050000
1054623.750000
1054637.150000
1114549.950000
1213682.750000
1214146.900000
1214151.350000
1313774.150000
1343721.950000
1427257.250000
1427270.050000
1427273.300000
1431323.000000
1463256.150000
1478030.950000
1513411.100000
1514058.000000
1514064.900000
1514919.400000
1529827.300000
1529843.950000
1529853.450000
1529874.950000
1534609.050000
1534616.400000
1534626.950000
1534647.550000
1548725.050000
1579211.450000
1639394.750000
1652442.950000
1652446.400000
1666773.600000
1667472.500000
1674693.000000
1682308.850000
1708706.000000
1708945.950000
1721003.900000
1773230.350000
1773586.550000
1774882.350000
1775097.650000
1775117.050000
1775474.900000
1775591.000000
1775655.850000
1776159.950000
1776285.250000
1776412.900000
1777670.400000
1778393.850000
1778869.400000
1780220.500000
1799207.350000
1799542.500000
1799546.650000
1799553.900000
1813070.250000
1813074.200000
1813622.100000
1813734.500000
1813902.200000
1814793.200000
1815012.450000
1815017.550000
1815021.750000
1815041.450000
1817772.250000
1818087.600000
1818100.250000
1818105.900000
1820996.550000
1821246.250000
1821256.350000
1822226.800000
1822441.750000
1822446.450000
1822451.650000
1822550.350000
1822553.900000
1822559.600000
1824493.400000
1826320.400000
1826327.800000
1828880.800000
1835541.800000
1835746.300000
1837929.850000
1839335.400000
1839348.300000
1839853.300000
1840220.950000
1845535.300000
1846517.500000
1846522.350000
1846530.900000
1850764.450000
1852150.550000
1852721.800000
1854646.600000
1854657.350000
1855326.550000
1857908.250000
1860509.450000
1870803.150000
1871785.900000
1872601.950000
1874027.450000
1874036.150000
1874042.400000
1874847.200000
1874862.500000
1876671.850000
1879529.650000
1879543.500000
1882519.000000
1896903.900000
1903238.650000
1903249.300000
1910397.700000
1910408.100000
1927072.700000
1928499.400000
1941883.750000
1946244.550000
1948519.400000
1948527.050000
1948825.650000
1949121.850000
1952054.200000
1953092.000000
1953911.700000
1953917.100000
1953921.000000
1953956.200000
1953959.350000
1953962.850000
1954013.900000
1954026.650000
1954036.600000
1954266.000000
1956477.800000
1956483.050000
1956585.000000
1956590.650000
1956706.450000
1956822.650000
1957122.350000
1957126.150000
1957142.900000
1957147.250000
1957173.050000
1957186.900000
1957746.050000
1957750.500000
1959148.800000
1964335.550000
1964342.000000
1964452.850000
1964457.150000
1964461.850000
1965109.650000
1965116.350000
1966129.800000
1966146.950000
1966160.000000
1970254.750000
1970405.500000
1970888.300000
1974039.350000
1974056.700000
1974083.900000
1975153.800000
1975282.350000
1975287.650000
1975292.200000
1975296.750000
1975301.000000
1977636.600000
1979540.950000
1982155.000000
1982166.100000
1982303.950000
1983386.800000
1983482.550000
1983490.000000
1983495.500000
1983511.350000
1983515.250000
1983545.550000
1983550.150000
1983661.350000
1985353.150000
1985364.750000
1985368.550000
1985402.650000
1985793.000000
1985805.700000
1986076.750000
1986098.550000
1986107.700000
1986128.850000
1986134.850000
1986155.450000
1986176.850000
1986249.450000
1986303.650000
1986318.200000
1986323.350000
1986363.300000
1986367.400000
1986385.550000
1986390.250000
1986412.350000
1986418.100000
1986427.350000
1986432.200000
1986497.050000
1986500.750000
1986519.850000
1986527.350000
1986619.700000
1986624.500000
1986643.650000
1986656.250000
1986667.800000
1986710.400000
1989916.800000
2017036.100000
2017043.850000
2017051.900000
2040606.100000
2051300.650000
2080165.100000
2080172.050000
2080175.900000
2112817.700000
2112828.950000
2112847.450000
2131693.250000
2182374.150000
2188437.250000
2218138.550000
2257606.300000
2257622.050000
2271632.550000
2278858.750000
2320237.550000
2320374.750000
2329523.450000
2333157.700000
2353113.350000
2356461.200000
2356466.250000
2356469.700000
2356585.250000
2356588.500000
2356591.950000
2356597.250000
2356604.350000
2356697.750000
2356701.150000
2356707.300000
2356819.200000
2356822.600000
2356830.050000
2357217.100000
2357369.750000
2357375.400000
2357764.200000
2357772.600000
2357915.650000
2358024.100000
2358708.800000
2358808.450000
2359137.700000
2359265.950000
2359269.900000
2359274.900000
2359279.550000
2359366.650000
2359372.150000
2359381.800000
2359413.200000
2359490.850000
2359494.300000
2359499.350000
2359504.250000
2359607.550000
2359612.000000
2359618.000000
2359624.350000
2359728.950000
2359732.650000
2360841.500000
2360852.150000
2361012.350000
2361022.150000
2361026.950000
2361253.550000
2361547.750000
2361552.450000
2361559.900000
2361569.450000
2361589.900000
2361670.550000
2361772.400000
2361776.150000
2361802.650000
2361875.700000
2361880.550000
2361886.750000
2362012.550000
2362022.700000
2362035.700000
2362041.500000
2362101.600000
2362135.700000
2362435.150000
2362617.800000
2362645.750000
2362650.400000
2362677.900000
2362686.000000
2362691.550000
2362780.300000
2362783.850000
2362796.250000
2362802.400000
2362824.550000
2362838.400000
2362894.100000
2362898.400000
2362920.900000
2362927.650000
2362949.000000
2363300.450000
2363826.550000
2363833.400000
2363855.050000
2364554.700000
2364561.900000
2364567.350000
2364587.950000
2364863.950000
2364976.450000
2364985.100000
2365043.500000
2365070.200000
2365082.850000
2365089.550000
2365094.800000
2365167.050000
2365170.700000
2365222.400000
2365279.200000
2365284.550000
2365311.250000
2365314.850000
2365384.250000
2365388.300000
2365423.800000
2365437.950000
2365475.700000
2365527.150000
2365531.500000
2365637.900000
2365641.450000
2365647.900000
2365774.700000
2365788.500000
2365800.400000
2365919.600000
2365964.400000
2366052.200000
2366063.050000
2366075.750000
2366327.700000
2366338.050000
2366348.350000
2366363.550000
2366386.250000
2366394.200000
2367504.100000
2367508.300000
2367553.000000
2367556.350000
2367576.450000
2367580.450000
2367590.450000
2367623.050000
2367626.750000
2367636.900000
2367748.150000
2367773.800000
2367801.400000
2367834.600000
2367845.200000
2367881.900000
2367890.950000
2367999.900000
2368156.550000
2368305.350000
2368321.450000
2368591.000000
2368598.350000
2368828.350000
2368834.300000
2369203.600000
2369312.600000
2369338.750000
2369964.250000
2369968.500000
2370030.600000
2370034.750000
2370165.950000
2370170.700000
2370280.150000
2370285.400000
2370296.650000
2370332.450000
2370335.850000
2370351.000000
2370383.800000
2370389.300000
2370409.650000
2370478.050000
2370481.300000
2370507.800000
2370516.250000
2370564.300000
2370612.400000
2370618.050000
2370633.550000
2370643.050000
2370738.150000
2370742.400000
2370771.850000
2370776.750000
2370810.300000
2370931.300000
2371722.650000
2371738.550000
2372195.400000
2372199.700000
2372239.100000
2372245.900000
2372272.350000
2372306.650000
2372325.150000
2372329.650000
2372354.100000
2372361.950000
2372375.850000
2372407.050000
2372423.600000
2372433.400000
2372439.950000
2372461.200000
2372485.000000
2372493.550000
2372570.750000
2372631.000000
2372697.500000
2372716.200000
2372748.100000
2373519.150000
2373563.450000
2373571.000000
2373580.500000
2373647.400000
2373651.700000
2373658.750000
2373675.900000
2373703.500000
2373754.500000
2373784.700000
2373790.050000
2373826.500000
2373899.250000
2373902.650000
2373912.350000
2374060.700000
2374070.650000
2374075.950000
2374163.550000
2374167.300000
2374174.950000
2374297.300000
2374302.700000
2375444.250000
2375473.500000
2375562.550000
2375571.000000
2375814.400000
2375826.950000
2375896.500000
2375901.050000
2375949.850000
2376056.500000
2376063.750000
2376165.150000
2376170.800000
2376212.750000
2376315.100000
2376318.850000
2376333.950000
2376434.250000
2376446.000000
2376451.550000
2376485.300000
2376514.500000
2376519.100000
2376537.800000
2376569.200000
2376580.250000
2376654.950000
2376666.550000
2376706.700000
2376801.750000
2376814.050000
2376886.500000
2376889.650000
2376897.250000
2377011.100000
2377087.600000
2377134.250000
2377142.500000
2377228.500000
2377355.500000
2377986.750000
2377998.600000
2378008.900000
2378015.400000
2378077.450000
2378083.350000
2379510.650000
2379518.600000
2380190.700000
2380857.600000
2381043.900000
2381048.550000
2381054.900000
2381336.400000
2381347.300000
2381806.700000
2381811.650000
2381845.500000
2381849.950000
2382160.250000
2382171.600000
2382255.750000
2382286.300000
2382290.650000
2387065.900000
2410662.250000
2468453.700000
2485303.100000
2489578.700000
2519366.750000
2521496.850000
2521510.650000
2521604.300000
2524093.500000
2530668.850000
2530772.050000
2530779.050000
2530786.750000
2530867.150000
2530882.050000
2531012.000000
2531122.900000
2531182.850000
2531186.750000
2531286.850000
2531290.500000
2531586.650000
2537063.200000
2539952.050000
2547574.900000
2547908.850000
2547923.050000
2547926.850000
2547966.950000
2547973.400000
2548045.800000
2548049.150000
2548189.000000
2548420.650000
2548429.150000
2548505.450000
2548509.950000
2548514.100000
2548590.050000
2548596.950000
2548637.100000
2548643.750000
2548665.050000
2548755.400000
2548759.200000
2548770.250000
2548874.500000
2548878.850000
2548884.200000
2548918.050000
2549001.250000
2549005.900000
2549036.400000
2549148.600000
2549272.350000
2558044.750000
2558067.200000
2574490.750000
2581911.450000
2582270.850000
2582307.450000
2582314.700000
2588580.400000
2588643.100000
2592440.600000
2613543.800000
2615794.150000
2616528.750000
2616536.400000
2616674.900000
2618112.650000
2621464.700000
2625748.500000
2625780.750000
2625790.450000
2625794.400000
2625799.200000
2625803.100000
2625884.950000
2625888.200000
2625891.900000
2626018.200000
2626029.700000
2626098.300000
2626102.750000
2626108.150000
2630312.000000
2638271.650000
2638539.850000
2638873.850000
2639079.350000
2639118.900000
2639123.850000
2639201.550000
2639205.050000
2639223.050000
2639327.150000
2639764.350000
2639820.800000
2639825.550000
2639835.050000
2639839.700000
2639843.950000
2639931.250000
2639934.550000
2639939.000000
2640014.550000
2640024.700000
2640071.150000
2640075.350000
2640092.800000
2640144.150000
2640148.650000
2640185.900000
2640189.350000
2640196.550000
2640205.100000
2640389.800000
2640499.950000
2640846.150000
2640961.100000
2641068.950000
2641160.700000
2641164.950000
2641175.050000
2641180.450000
2641189.500000
2641194.000000
2641263.650000
2641277.050000
2641287.550000
2641567.650000
2641575.100000
2641583.150000
2641597.050000
2641667.050000
2641673.900000
2642204.050000
2642217.750000
2642223.450000
2642311.600000
2642317.350000
2642418.200000
2642422.100000
2642426.950000
2642444.750000
2642933.100000
2642940.450000
2642958.400000
2643015.050000
2643021.100000
2643027.150000
2643047.200000
2643063.050000
2643067.400000
2643090.300000
2643199.650000
2643203.850000
2643208.150000
2643512.850000
2643519.000000
2643535.600000
2644026.650000
2644047.950000
2644053.500000
2644065.400000
2644074.000000
2644093.800000
2644380.900000
2644485.550000
2644491.450000
2644498.750000
2644656.000000
2644716.900000
2644720.450000
2644823.200000
2644827.050000
2644966.250000
2644970.350000
2644979.100000
2644994.850000
2645003.650000
2645096.500000
2645100.200000
2645107.200000
2645163.200000
2645180.800000
2645526.500000
2645530.400000
2645601.700000
2645606.800000
2646319.550000
2646357.500000
2646665.000000
2646668.850000
2646673.050000
2646678.250000
2646687.050000
2647429.000000
2647433.850000
2647442.300000
2647811.300000
2647815.400000
2647917.700000
2647924.450000
2647929.050000
2647934.950000
2647950.600000
2648189.200000
2648192.700000
2648199.550000
2648204.300000
2649060.200000
2649065.850000
2649073.450000
2649254.400000
2649269.500000
2649276.000000
2649322.850000
2649329.700000
2649343.500000
2649354.050000
2649360.650000
2649365.750000
2649459.750000
2649463.200000
2649470.400000
2649540.600000
2649544.900000
2649605.150000
2649611.550000
2649620.450000
2649631.100000
2650149.950000
2650165.250000
2650175.000000
2650191.250000
2650704.450000
2650708.300000
2650716.000000
2650729.550000
2650739.500000
2650816.900000
2650820.850000
2650915.650000
2650921.100000
2650929.100000
2650963.500000
2651020.600000
2651024.850000
2651031.000000
2651044.750000
2651050.700000
2651099.050000
2651285.600000
2651290.950000
2651306.350000
2651351.250000
2651360.300000
2651369.450000
2651375.850000
2651410.050000
2651422.200000
2651429.300000
2651454.500000
2651636.700000
2651641.450000
2651693.800000
2651697.350000
2651821.400000
2651839.200000
2651844.500000
2651873.000000
2651881.400000
2652100.450000
2652110.150000
2652545.050000
2652555.400000
2652562.500000
2652583.350000
2652591.250000
2652680.200000
2652684.450000
2654156.050000
2654404.850000
2655085.350000
2655092.450000
2655100.300000
2655116.950000
2655376.750000
2655393.600000
2655402.650000
2655407.850000
2655413.300000
2655704.550000
2655709.850000
2655723.100000
2656230.300000
2656258.150000
2656261.950000
2656279.700000
2656286.100000
2656294.050000
2656356.950000
2656361.700000
2656478.300000
2656630.550000
2656634.450000
2656643.200000
2656726.950000
2656756.550000
2656761.300000
2656898.300000
2656905.050000
2656914.850000
2657010.050000
2657015.000000
2657165.150000
2657220.500000
2657269.300000
2657320.950000
2657461.500000
2657465.650000
2657473.700000
2657479.100000
2657487.600000
2657502.150000
2657864.100000
2657869.350000
2658136.400000
2658141.600000
2658857.550000
2659053.100000
2659057.300000
2659061.600000
2659133.000000
2659137.550000
2659149.900000
2659619.050000
2659623.150000
2659758.600000
2659781.000000
2659874.600000
2659890.700000
2660056.700000
2660168.650000
2660172.800000
2660204.100000
2660208.100000
2660259.200000
2660264.750000
2660316.900000
2660346.150000
2660352.150000
2660371.650000
2660377.650000
2660389.250000
2660508.500000
2660543.000000
2660604.100000
2660692.500000
2660695.900000
2660702.650000
2660872.450000
2660876.950000
2661024.850000
2661077.550000
2661087.100000
2661108.450000
2661124.350000
2661132.100000
2661176.550000
2661731.050000
2661738.850000
2661750.050000
2662415.100000
2662687.150000
2662700.700000
2662706.200000
2662809.650000
2662813.800000
2662827.150000
2663086.650000
2663096.650000
2663213.300000
2663224.350000
2663233.200000
2663246.500000
2663251.350000
2663332.250000
2663365.950000
2663371.150000
2663432.550000
2663469.900000
2663597.250000
2663612.350000
2663622.350000
2663648.100000
2663653.400000
2663697.000000
2663804.050000
2663807.750000
2663813.550000
2663822.700000
2663853.450000
2663870.750000
2664060.350000
2664065.200000
2664089.250000
2664101.900000
2664122.650000
2664141.300000
2664164.900000
2664178.700000
2664184.500000
2664482.650000
2664573.700000
2664578.950000
2664720.750000
2664891.200000
2664909.500000
2665270.150000
2665338.750000
2665343.050000
2665380.500000
2665386.800000
2665513.050000
2665529.500000
2665548.200000
2665573.350000
2665581.250000
2665586.450000
2665644.700000
2665651.450000
2665665.700000
2665740.800000
2665765.000000
2665871.050000
2665878.850000
2665914.150000
2665936.150000
2665946.700000
2665972.550000
2665989.700000
2666107.800000
2666112.050000
2666136.250000
2666147.550000
2666500.250000
2666528.400000
2666819.250000
2667491.450000
2667499.900000
2667508.750000
2667750.100000
2667767.200000
2667860.700000
2667887.250000
2667890.550000
2667896.750000
2667913.150000
2667942.700000
2668044.200000
2668061.150000
2668080.000000
2668088.950000
2668094.850000
2668151.700000
2668217.100000
2668221.300000
2668230.900000
2668290.100000
2668306.800000
2668328.650000
2668421.400000
2668430.050000
2668443.100000
2668462.350000
2668497.800000
2668595.450000
2668599.350000
2668627.200000
2668648.500000
2668745.650000
2668754.800000
2668929.800000
2668935.600000
2669111.950000
2669117.100000
2669611.550000
2669958.000000
2670628.150000
2670636.200000
2670646.000000
2670652.350000
2670659.250000
2670949.200000
2670952.900000
2670960.650000
2670987.650000
2670992.200000
2671075.700000
2671083.100000
2671161.000000
2671241.000000
2671257.750000
2671337.700000
2671341.750000
2671356.050000
2671360.750000
2671369.450000
2671435.350000
2671455.400000
2671478.200000
2671483.750000
2671520.400000
2671528.250000
2671598.450000
2671615.850000
2671633.750000
2671644.850000
2671816.850000
2672092.300000
2672723.850000
2673420.950000
2673525.950000
2673535.400000
2673551.250000
2673557.200000
2673564.000000
2673635.350000
2673650.250000
2673787.850000
2673791.800000
2673808.950000
2673817.850000
2673834.550000
2673897.900000
2673955.450000
2673985.200000
2674034.050000
2674071.850000
2674096.800000
2674130.400000
2674199.200000
2674203.350000
2674401.650000
2674423.750000
2674439.000000
2674543.200000
2674555.000000
2674559.000000
2674565.250000
2674654.900000
2674666.050000
2674706.200000
2674867.200000
2675980.300000
2676391.850000
2676396.650000
2676431.250000
2676437.450000
2676607.700000
2676618.250000
2676640.800000
2676680.650000
2676733.850000
2676737.400000
2676792.550000
2676801.250000
2676845.400000
2676860.100000
2676988.200000
2676996.700000
2677006.100000
2677012.750000
2677097.250000
2677101.250000
2677120.100000
2677143.800000
2677234.100000
2677238.050000
2677606.300000
2677611.750000
2678411.650000
2678436.100000
2678733.700000
2678781.000000
2678796.350000
2678879.700000
2678885.200000
2678894.650000
2678931.050000
2678941.250000
2678988.900000
2678993.300000
2679001.250000
2679057.150000
2679088.750000
2679141.400000
2679163.200000
2679216.100000
2679262.550000
2679327.900000
2679445.650000
2679460.100000
2679481.900000
2679490.500000
2679501.150000
2679628.400000
2679635.950000
2679815.550000
2679819.300000
2679837.150000
2679960.500000
2679966.400000
2679972.550000
2680001.450000
2680144.600000
2680169.650000
2680174.850000
2681720.950000
2681732.950000
2681798.400000
2681803.750000
2682129.700000
2682135.700000
2682144.750000
2682153.650000
2682174.650000
2682185.250000
2682194.500000
2682234.100000
2682241.600000
2682252.600000
2682262.100000
2682300.300000
2682403.100000
2682434.050000
2682476.550000
2682484.600000
2682571.650000
2682581.750000
2684492.150000
2684501.650000
2684508.450000
2684526.050000
2684556.900000
2684634.750000
2684639.300000
2684655.800000
2684660.950000
2684731.800000
2684758.650000
2684767.750000
2684964.200000
2684968.850000
2684979.400000
2684987.350000
2684995.200000
2685002.350000
2685278.050000
2685474.600000
2685488.050000
2686274.250000
2686316.050000
2686326.250000
2686365.400000
2686376.650000
2686512.550000
2686525.750000
2686532.850000
2686677.250000
2686683.450000
2686702.600000
2686711.850000
2686982.000000
2687235.800000
2687240.500000
2687396.500000
2687663.850000
2687805.650000
2687867.500000
2687874.050000
2688018.200000
2688022.550000
2688152.300000
2688188.950000
2688200.700000
2688206.600000
2688212.300000
2688280.550000
2688331.800000
2688341.650000
2688549.150000
2688576.350000
2688592.200000
2688678.050000
2688685.650000
2688699.450000
2688708.850000
2688764.050000
2688984.300000
2689858.600000
2690012.200000
2690127.450000
2690134.350000
2690161.650000
2690166.900000
2690177.350000
2690185.150000
2690200.400000
2690217.400000
2690274.150000
2690294.000000
2690309.650000
2690417.850000
2690485.450000
2690583.050000
2690600.500000
2690660.700000
2690839.750000
2690861.800000
2690975.100000
2691253.100000
2691267.400000
2691412.900000
2691417.450000
2691513.850000
2691517.800000
2691525.400000
2691545.250000
2691561.350000
2692552.550000
2692568.150000
2692583.000000
2692610.650000
2692634.100000
2692648.150000
2692663.200000
2692671.800000
2692839.250000
2692864.700000
2692879.400000
2692971.750000
2692976.450000
2692983.450000
2693006.350000
2693027.400000
2693031.800000
2693040.100000
2693048.650000
2693170.650000
2693208.600000
2693299.850000
2693304.900000
2693545.150000
2693605.150000
2693663.850000
2693749.600000
2693758.450000
2693787.450000
2693804.850000
2693810.350000
2694092.850000
2694098.600000
2694109.100000
2694173.550000
2694178.200000
2694835.700000
2695307.450000
2695314.800000
2695324.050000
2695433.600000
2695448.000000
2695456.500000
2695462.150000
2695472.850000
2695479.150000
2695487.900000
2695591.950000
2695604.950000
2695611.900000
2695619.200000
2696728.250000
2696734.100000
2697365.450000
2697378.000000
2697494.650000
2697498.700000
2698238.150000
2698639.400000
2698721.650000
2698936.650000
2698942.600000
2699264.250000
2699270.650000
2699279.000000
2699286.150000
2700500.150000
2700513.250000
2700593.800000
2700597.350000
2701072.600000
2701320.100000
2701325.750000
2701364.950000
2701370.200000
2702031.000000
2702034.700000
2703790.500000
2703802.550000
2703807.850000
2704031.800000
2704039.450000
2704319.300000
2704441.350000
2704446.150000
2704455.400000
2704462.550000
2704468.450000
2704989.450000
2705000.750000
2705004.900000
2705033.550000
2705038.250000
2705218.850000
2705227.350000
2705281.750000
2705290.500000
2705441.200000
2705476.150000
2705517.550000
2705521.350000
2705555.950000
2705560.800000
2705729.250000
2705883.350000
2705889.350000
2705939.250000
2705944.650000
2707219.500000
2707328.700000
2707349.200000
2707357.850000
2707364.150000
2707625.500000
2707630.100000
2707669.100000
2707704.800000
2707720.900000
2707726.650000
2707733.500000
2707739.900000
2707829.600000
2707841.550000
2708037.200000
2708049.550000
2708055.200000
2708278.150000
2713582.450000
2716725.400000
2718300.250000
2720579.250000
2720832.100000
2722702.300000
2722823.200000
2722908.350000
2722913.850000
2722922.600000
2723150.600000
2723154.700000
2723158.750000
2723166.300000
2723377.400000
2723400.450000
2723506.850000
2723517.450000
2723624.150000
2723631.250000
2723739.200000
2723841.950000
2723876.200000
2723933.000000
2723941.050000
2723946.000000
2723955.050000
2724077.950000
2724191.850000
2724286.500000
2724395.850000
2724405.950000
2724502.150000
2724522.150000
2724542.150000
2724589.100000
2724594.000000
2724600.950000
2724614.700000
2724631.500000
2724640.700000
2724689.000000
2724692.800000
2724736.750000
2724746.100000
2724822.250000
2724848.950000
2724928.200000
2724934.150000
2724949.250000
2725045.700000
2725081.750000
2725094.500000
2725166.250000
2725170.650000
2725283.400000
2725381.400000
2725385.950000
2725392.950000
2725516.600000
2725596.600000
2725629.350000
2725633.050000
2725658.800000
2725672.000000
2725766.600000
2725788.700000
2725807.850000
2725893.700000
2725939.800000
2725944.900000
2725955.750000
2726003.600000
2726007.450000
2726032.900000
2726147.100000
2726151.150000
2726170.750000
2726274.150000
2726353.200000
2726374.450000
2726379.700000
2726456.950000
2726477.300000
2726494.700000
2726523.400000
2726610.550000
2726620.500000
2726828.250000
2726832.250000
2726967.900000
2726986.350000
2726996.350000
2727097.550000
2727103.950000
2727176.400000
2727184.800000
2727197.000000
2727782.500000
2727937.400000
2727955.150000
2728056.350000
2728720.250000
2728999.650000
2729004.600000
2729010.750000
2729041.100000
2729167.600000
2729174.050000
2729185.000000
2729196.500000
2729227.200000
2729238.650000
2729267.750000
2729287.250000
2729355.450000
2729376.300000
2729500.950000
2729514.000000
2729856.100000
2729862.050000
2729869.850000
2729964.450000
2729969.900000
2730136.500000
2730677.200000
2730687.350000
2730826.150000
2730840.500000
2730858.350000
2732889.650000
2745999.250000
2749931.000000
2750157.900000
2750164.250000
2750268.800000
2750273.250000
2750278.550000
2750376.800000
2750380.600000
2750384.650000
2750392.750000
2750499.800000
2750504.900000
2750725.100000
2750728.650000
2750735.400000
2750821.250000
2750836.300000
2750920.800000
2750935.400000
2750957.050000
2750983.850000
2750987.900000
2750993.300000
2750999.750000
2751068.900000
2751143.200000
2751148.000000
2751291.750000
2751532.650000
2751695.400000
2751702.450000
2751711.200000
2751719.800000
2751730.450000
2751791.150000
2751808.300000
2751814.000000
2751829.550000
2751938.300000
2751969.850000
2752062.000000
2752065.550000
2752096.050000
2752150.750000
2752168.150000
2752200.900000
2752303.400000
2752307.800000
2752849.300000
2752853.500000
2752888.500000
2752933.050000
2752946.200000
2752978.150000
2752985.450000
2753001.450000
2753069.300000
2753075.750000
2753098.050000
2753209.250000
2753213.400000
2753218.050000
2753241.450000
2753249.050000
2753338.750000
2753352.500000
2753417.350000
2753424.300000
2753440.300000
2753451.600000
2753520.050000
2753541.150000
2753561.050000
2753572.950000
2753640.000000
2753644.000000
2753777.700000
2754148.200000
2754194.950000
2754232.400000
2776539.500000
2776544.900000
2776678.300000
2776681.650000
2776837.050000
2776883.750000
2776893.900000
2776946.700000
2776951.950000
2777034.800000
2777039.800000
2777050.300000
2777078.200000
2777089.950000
2777093.400000
2777100.100000
2777131.250000
2777158.450000
2777241.150000
2777247.550000
2777270.750000
2777318.100000
2777384.900000
2777390.550000
2777421.350000
2777437.450000
2777477.000000
2777514.900000
2777541.050000
2777611.750000
2777616.400000
2777631.550000
2777666.550000
2777672.900000
2777681.500000
2777793.050000
2777800.050000
2777808.450000
2777858.950000
2777862.800000
2777893.500000
2777908.050000
2777912.350000
2777917.950000
2777963.100000
2777968.700000
2778003.650000
2778061.550000
2778065.250000
2778085.250000
2778186.150000
2778215.900000
2778235.000000
2778238.450000
2778316.300000
2778321.600000
2778329.300000
2778342.200000
2778432.900000
2778437.550000
2778472.200000
2781678.800000
2787655.200000
2795935.000000
2802281.850000
2802291.650000
2820079.550000
2820205.400000
2820357.600000
2820376.850000
2820380.750000
2825846.900000
2844901.100000
2844970.950000
2844978.700000
2847364.900000
2847369.300000
2851019.000000
2851286.300000
2852235.300000
2852240.250000
2853547.650000
2854564.250000
2855351.500000
2855693.850000
2855991.750000
2856263.050000
2856360.050000
2856386.000000
2921984.100000
3034453.400000
3036650.050000
3036657.000000
3036667.700000
3036681.450000
3055034.400000
3060057.600000
3119854.600000
3151160.550000
3151166.050000
3151177.150000
3153597.200000
3159047.750000
3159546.300000
3163409.300000
3164482.850000
3180339.950000
3196136.050000
3248807.800000
3267931.500000
3276319.250000
3277703.650000
3287218.650000
3297343.350000
3317769.800000
3317777.450000
3319609.450000
3320395.250000
3340998.700000
3341013.200000
3341698.100000
3343630.950000
3343645.600000
3343650.700000
3343894.650000
3343944.050000
3343948.650000
3345548.450000
3345897.100000
3347136.200000
3363630.500000
3363636.200000
3363740.550000
3363744.700000
3363958.000000
3363961.500000
3363970.150000
3363973.800000
3364196.700000
3364199.750000
3364208.100000
3364432.900000
3364436.650000
3364560.000000
3364563.500000
3364931.600000
3364937.900000
3364944.400000
3364958.850000
3364965.650000
3365051.250000
3365161.650000
3365170.600000
3365174.400000
3365188.450000
3365431.500000
3365434.950000
3365455.350000
3365645.500000
3365895.900000
3365900.450000
3365905.800000
3365911.700000
3365923.800000
3366437.450000
3367317.250000
3367445.850000
3367606.100000
3367610.700000
3367678.800000
3367685.100000
3367691.250000
3368240.900000
3368271.550000
3369458.350000
3371256.350000
3373217.550000
3373221.400000
3373536.950000
3373543.700000
3374418.200000
3375988.750000
3375995.500000
3375999.850000
3376004.300000
3376360.450000
3376365.950000
3377881.350000
3380004.300000
3380021.400000
3381982.900000
3382101.500000
3382106.300000
3382110.450000
3382232.550000
3382237.050000
3382240.350000
3382244.550000
3383703.450000
3383712.200000
3383720.700000
3383725.850000
3384505.500000
3384513.400000
3384517.850000
3384560.700000
3384818.950000
3384947.050000
3385681.200000
3385692.100000
3385695.650000
3385701.000000
3386617.150000
3386642.550000
3389354.600000
3389398.950000
3389403.400000
3389408.900000
3389416.350000
3391460.350000
3391466.650000
3391470.350000
3392426.350000
3392459.450000
3392463.950000
3392469.850000
3392558.050000
3393238.350000
3393243.500000
3393288.650000
3393292.700000
3393359.250000
3397351.750000
3404170.500000
3404193.300000
3408316.700000
3411515.300000
3411524.300000
3420594.450000
3424665.050000
3424928.800000
3425305.550000
3426001.150000
3426006.750000
3426011.150000
3426021.300000
3427016.450000
3428268.150000
3428273.150000
3428441.750000
3428895.900000
3428899.450000
3428904.550000
3428910.800000
3428917.600000
3430362.700000
3432047.600000
3432067.900000
3432075.950000
3432414.900000
3432558.750000
3432746.250000
3432750.650000
3432762.050000
3437538.850000
3437545.800000
3437549.800000
3437554.100000
3438064.900000
3438070.200000
3438076.350000
3439837.950000
3442533.500000
3442538.600000
3443711.400000
3443957.550000
3443965.800000
3443972.600000
3444450.550000
3444692.450000
3444696.300000
3444710.050000
3446320.750000
3446455.350000
3446459.950000
3446469.350000
3446595.900000
3446600.550000
3446608.450000
3447223.500000
3447239.400000
3447246.650000
3448490.300000
3448494.650000
3449256.900000
3449406.500000
3449410.750000
3450624.900000
3450636.000000
3450685.900000
3450882.150000
3451860.750000
3452706.950000
3452710.850000
3454492.000000
3454501.100000
3454505.850000
3456351.550000
3456360.150000
3456363.900000
3456368.250000
3456376.000000
3456379.900000
3456511.100000
3456514.850000
3456519.800000
3456636.950000
3456641.200000
3456647.200000
3456652.200000
3456951.250000
3458971.250000
3458976.400000
3458988.150000
3460503.650000
3462721.250000
3462779.400000
3462784.400000
3462808.500000
3462814.350000
3462820.250000
3462824.650000
3463883.250000
3463887.600000
3466351.800000
3466362.450000
3466975.850000
3467436.850000
3467444.450000
3467569.550000
3467573.300000
3467577.700000
3467986.100000
3467992.800000
3469739.500000
3469744.700000
3469753.100000
3470039.800000
3470043.800000
3470048.200000
3470057.400000
3470062.900000
3470156.050000
3470300.800000
3470305.650000
3470941.700000
3470948.500000
3470953.750000
3470972.150000
3470978.250000
3470988.150000
3470997.950000
3471002.850000
3471101.550000
3471105.550000
3471162.750000
3471169.100000
3471217.150000
3471221.350000
3471263.850000
3471276.000000
3471490.200000
3471494.750000
3471501.550000
3471557.850000
3471571.300000
3471575.850000
3471594.550000
3471634.500000
3471638.050000
3471641.900000
3471750.150000
3471754.000000
3471994.850000
3471998.500000
3472320.550000
3472671.000000
3472679.950000
3473238.900000
3473817.100000
3473822.750000
3473829.100000
3474462.950000
3474598.300000
3474887.700000
3474895.000000
3474900.500000
3475529.900000
3475534.550000
3475838.300000
3475842.350000
3476511.650000
3477441.300000
3479346.100000
3479361.100000
3479365.050000
3479495.100000
3479502.950000
3479630.050000
3479635.350000
3479644.800000
3479938.650000
3479969.350000
3480074.350000
3480078.000000
3480173.500000
3480179.350000
3480192.750000
3480253.750000
3480292.850000
3480299.950000
3480767.300000
3480771.800000
3480783.350000
3480987.000000
3480990.800000
3482600.400000
3483349.150000
3483357.450000
3484182.400000
3484601.450000
3485282.450000
3485939.950000
3488518.700000
3488532.950000
3488540.850000
3488550.350000
3488554.500000
3488724.700000
3489328.100000
3492572.800000
3494530.100000
3502428.750000
3502450.550000
3502464.200000
3505603.400000
3505791.400000
3506255.300000
3508134.750000
3536952.750000
3538003.450000
3538264.450000
3538557.850000
3577665.700000
3612187.300000
3621527.100000
3657434.250000
3662469.150000
3667378.200000
3673103.750000
3729472.900000
3736410.650000
3736838.350000
3736950.400000
3736966.550000
3736977.000000
3737096.800000
3738685.450000
3742029.400000
3742038.900000
3742047.700000
3742051.750000
3742070.050000
3742225.800000
3744111.500000
3744233.250000
3747310.300000
3747317.600000
3747325.000000
3757319.900000
3759046.550000
3760585.550000
3762903.950000
3762915.700000
3763125.350000
3763751.850000
3765512.450000
3765863.850000
3773105.700000
3773591.900000
3773604.150000
3773608.350000
3773704.650000
3773708.800000
3773715.050000
3774327.000000
3774375.200000
3774469.450000
3774480.100000
3774608.200000
3784021.050000
3784842.900000
3787198.350000
3791400.500000
3791741.100000
3791744.550000
3792004.250000
3792262.400000
3792541.300000
3792603.700000
3792611.300000
3792620.450000
3792647.000000
3792653.150000
3792658.650000
3792742.200000
3792747.650000
3792855.900000
3792859.900000
3792876.000000
3792992.850000
3793120.050000
3793124.700000
3793226.800000
3793242.100000
3793321.750000
3793325.750000
3793333.850000
3793512.250000
3793516.550000
3793525.350000
3793546.850000
3793550.800000
3793643.850000
3793663.450000
3793676.000000
3793836.350000
3793839.700000
3793844.750000
3794004.050000
3794013.900000
3794133.600000
3794137.250000
3794143.300000
3794149.300000
3794202.950000
3794207.500000
3794215.800000
3794240.200000
3794244.050000
3794560.000000
3794564.300000
3794571.550000
3794666.300000
3794670.350000
3794769.950000
3794774.550000
3794820.900000
3794934.100000
3794992.650000
3794995.900000
3795000.000000
3795020.750000
3795029.050000
3795034.900000
3795054.350000
3795100.100000
3795103.850000
3795231.150000
3795327.200000
3795330.950000
3795342.750000
3795347.250000
3795416.650000
3795898.850000
3797250.500000
3797453.450000
3797457.250000
3797476.250000
3797514.400000
3797557.150000
3797563.950000
3797631.500000
3815228.600000
3815321.000000
3815330.050000
3815337.550000
3815342.150000
3815346.700000
3815436.450000
3815440.050000
3815447.200000
3815479.700000
3815484.900000
3815490.350000
3815495.800000
3815545.800000
3815707.900000
3815711.900000
3815729.300000
3815735.700000
3815774.650000
3815788.050000
3815799.350000
3815903.950000
3815920.500000
3815925.550000
3816272.600000
3818354.350000
3819975.650000
3822259.750000
3822266.150000
3832542.450000
3839160.350000
3840982.900000
3845573.400000
3845577.250000
3846877.150000
3852733.250000
3852746.150000
3852752.000000
3854206.200000
3855411.400000
3857030.250000
3857150.500000
3857154.700000
3857162.150000
3857592.900000
3857607.600000
3857634.850000
3857781.050000
3857786.400000
3857794.000000
3857798.100000
3861620.600000
3870756.500000
3870984.800000
3872027.850000
3873128.100000
3875450.350000
3876190.050000
3876780.250000
3877546.550000
3877832.400000
3877839.650000
3878227.100000
3878384.200000
3882189.000000
3882388.200000
3883371.700000
3885913.800000
3886607.500000
3886886.400000
3887058.650000
3890035.350000
3891208.200000
3891429.950000
3891442.600000
3891446.950000
3891451.150000
3891530.800000
3891534.250000
3891651.150000
3891654.900000
3891660.750000
3891670.350000
3891750.350000
3891753.550000
3891916.900000
3891920.550000
3891976.850000
3891981.300000
3891997.350000
3892027.800000
3892035.850000
3892059.450000
3892064.200000
3892103.200000
3892106.900000
3892165.650000
3892270.000000
3892273.700000
3892282.000000
3892287.400000
3892382.500000
3892386.250000
3892391.750000
3892397.900000
3892537.100000
3892541.900000
3892548.450000
3892672.850000
3892676.750000
3892830.500000
3892834.500000
3892840.650000
3892853.700000
3893756.900000
3893761.000000
3894641.950000
3894754.800000
3894759.550000
3894922.650000
3894926.200000
3894934.000000
3894946.950000
3895802.850000
3895811.650000
3896055.800000
3896166.850000
3896183.850000
3896435.450000
3896439.200000
3896446.600000
3896559.050000
3896679.200000
3897496.500000
3897501.300000
3897636.900000
3898514.650000
3898557.250000
3898605.300000
3898614.600000
3898716.750000
3898724.100000
3898729.400000
3898837.450000
3898921.950000
3898925.550000
3898932.400000
3898937.950000
3898945.900000
3899008.600000
3899011.850000
3899018.450000
3899027.350000
3899062.900000
3899156.250000
3899159.500000
3899163.800000
3899180.350000
3899185.000000
3899191.750000
3899268.300000
3899281.550000
3899285.550000
3899293.800000
3899299.250000
3899394.100000
3899397.550000
3899402.000000
3899499.150000
3899502.300000
3899507.750000
3899660.550000
3899669.750000
3899760.500000
3899765.950000
3899893.500000
3899897.450000
3899999.700000
3900004.050000
3901280.850000
3901324.850000
3904486.300000
3904915.850000
3904935.500000
3905329.050000
3905334.800000
3909853.600000
3909859.800000
3911012.150000
3911016.100000
3911195.150000
3911818.100000
3911823.650000
3911827.800000
3930633.000000
3930642.150000
3930648.850000
3930657.850000
3933101.000000
3933113.300000
3933119.700000
3933124.750000
3933133.150000
3934007.750000
3934015.950000
3934029.400000
3935037.850000
3937314.450000
3937809.200000
3937814.950000
3938043.950000
3938048.400000
3938177.200000
3938184.800000
3938189.000000
3938787.450000
3938812.000000
3938882.300000
3938888.250000
3938892.700000
3939018.350000
3939030.650000
3939100.550000
3939104.750000
3939115.700000
3939190.850000
3939196.850000
3939212.050000
3939257.150000
3939282.500000
3939290.750000
3939313.500000
3939327.150000
3939344.100000
3939349.350000
3939381.800000
3939439.750000
3939445.850000
3939453.750000
3939488.500000
3939559.900000
3939563.650000
3939618.350000
3939645.550000
3939654.450000
3939662.050000
3939670.750000
3939762.100000
3939854.500000
3939858.300000
3939875.400000
3939893.150000
3939935.100000
3940012.800000
3940017.800000
3940027.200000
3940034.300000
3940049.750000
3940101.500000
3940116.050000
3940127.000000
3940133.550000
3940155.000000
3940238.150000
3940243.350000
3940279.800000
3940492.600000
3940501.800000
3940539.300000
3940544.650000
3940549.300000
3940574.250000
3940583.000000
3940588.250000
3940776.800000
3940793.300000
3940797.500000
3940808.350000
3942276.450000
3942281.900000
3942316.950000
3942320.950000
3942326.150000
3942352.250000
3942356.700000
3942374.500000
3942415.600000
3942418.950000
3942429.900000
3942455.000000
3942693.000000
3942797.000000
3942800.500000
3942804.950000
3942821.400000
3942832.100000
3942838.000000
3942843.750000
3942918.300000
3942921.600000
3942927.600000
3942934.900000
3942954.950000
3942963.450000
3942977.600000
3943050.300000
3943054.400000
3943072.850000
3943078.200000
3943159.400000
3943164.450000
3943202.300000
3943267.350000
3943270.650000
3943307.550000
3943467.000000
3943470.650000
3943491.100000
3943499.250000
3943528.550000
3943564.150000
3943568.250000
3943644.250000
3943692.250000
3943834.250000
3944132.650000
3944982.300000
3945014.900000
3945042.700000
3945082.200000
3945147.650000
3945151.650000
3945182.650000
3945186.700000
3945192.700000
3945205.400000
3945210.450000
3945296.200000
3945311.850000
3945386.800000
3945421.900000
3945425.350000
3945485.500000
3945492.050000
3945737.150000
3945744.750000
3946196.000000
3946199.900000
3946565.650000
3946825.050000
3946889.150000
3971859.950000
3972053.250000
3972073.900000
3972083.500000
3972088.700000
3972099.700000
3972106.150000
3972123.400000
3972138.850000
3972150.300000
3972166.350000
3972183.450000
3972287.150000
3972298.550000
3972308.900000
3972333.050000
3972341.350000
3972387.050000
3972406.750000
3972428.350000
3972510.450000
3972514.250000
3972527.500000
3972542.600000
3972554.750000
3972578.700000
3972583.050000
3972587.850000
3972648.500000
3972698.150000
3972708.850000
3972770.900000
3972782.050000
3972913.450000
3973001.800000
3973659.200000
3973697.250000
3973704.850000
3973929.500000
3973934.000000
3973938.550000
3974063.550000
3974097.600000
3974162.900000
3974170.500000
3974177.000000
3974186.200000
3974252.700000
3974259.750000
3974289.050000
3974372.400000
3974401.950000
3974407.450000
3974419.950000
3974478.450000
3974624.300000
3974628.450000
3974642.350000
3974650.300000
3974670.100000
3974720.600000
3974748.650000
3974763.950000
3974770.500000
3974882.050000
3975140.600000
3975241.200000
3975302.450000
3975390.000000
3975397.450000
3975482.650000
3975492.000000
3975516.700000
3975525.100000
3975628.850000
3975632.600000
3975641.200000
3975761.850000
3975838.850000
3975875.650000
3976157.000000
3976160.950000
3976248.400000
3976285.150000
3990912.300000
3990922.100000
3990934.150000
3990940.050000
3990956.500000
3990964.250000
4013856.800000
4013879.000000
4033708.350000
4034303.050000
4034535.100000
4034538.750000
4034543.000000
4034997.400000
4035081.250000
4035104.600000
4035110.650000
4035138.750000
4035143.100000
4035180.700000
4035226.400000
4035230.850000
4035337.200000
4035451.200000
4035458.600000
4035468.150000
4035488.050000
4035496.700000
4035502.750000
4035508.450000
4035514.550000
4035587.600000
4035594.350000
4035602.850000
4035616.150000
4035624.150000
4035642.350000
4035728.650000
4035732.800000
4035751.650000
4035805.100000
4035813.150000
4035845.050000
4035849.100000
4035860.050000
4035870.050000
4035882.250000
4035985.200000
4035989.150000
4035994.850000
4035999.600000
4036122.050000
4036207.300000
4036211.000000
4036215.600000
4036256.300000
4036260.550000
4036289.000000
4036321.950000
4036328.700000
4036402.100000
4036407.850000
4036432.950000
4036444.300000
4036466.750000
4036471.200000
4036502.100000
4036587.850000
4036594.950000
4036602.050000
4036614.050000
4036659.450000
4036703.400000
4036723.400000
4036756.050000
4036782.850000
4036830.100000
4036869.950000
4036877.150000
4036887.950000
4036956.950000
4036979.400000
4036986.150000
4037004.900000
4037098.050000
4037102.800000
4037110.050000
4037116.850000
4037125.800000
4037150.150000
4037175.950000
4037229.100000
4037238.250000
4037258.550000
4037275.250000
4037337.100000
4037350.500000
4037366.000000
4037381.350000
4037395.550000
4037455.250000
4037496.700000
4037578.000000
4037594.250000
4037682.750000
4037686.350000
4037695.900000
4037706.400000
4037797.400000
4037801.250000
4037828.200000
4037975.000000
4037979.700000
4038068.300000
4038077.050000
4038080.800000
4038088.250000
4038099.100000
4038106.100000
4038203.200000
4038207.550000
4038354.550000
4038358.850000
4038507.650000
4038585.450000
4038588.650000
4038594.300000
4038630.300000
4038652.450000
4038728.900000
4038733.050000
4039053.900000
4039128.450000
4039134.300000
4039144.250000
4039156.650000
4039160.900000
4039177.500000
4039187.300000
4039193.650000
4039298.500000
4039302.300000
4039323.650000
4039335.100000
4039353.500000
4039360.550000
4039374.550000
4039381.200000
4039490.550000
4039496.700000
4039500.650000
4039507.350000
4039532.200000
4039543.550000
4039644.100000
4039671.800000
4039710.550000
4039714.100000
4039741.900000
4039746.600000
4039848.500000
4039872.300000
4040073.800000
4040078.100000
4040227.300000
4040461.800000
4040469.300000
4042709.500000
4042795.200000
4042799.850000
4042808.850000
4042813.550000
4042862.950000
4042872.000000
4042881.150000
4043023.650000
4043248.000000
4043251.950000
4043258.200000
4043287.400000
4043294.950000
4043302.050000
4043531.300000
4044002.950000
4044009.500000
4044015.400000
4044101.350000
4044229.250000
4044236.000000
4046192.800000
4049412.600000
4054089.950000
4054093.600000
4054107.800000
4054122.700000
4054127.350000
4054443.800000
4054553.750000
4054558.200000
4058801.650000
4074418.200000
4077197.200000
4077421.400000
4077886.950000
4078572.450000
4081456.600000
4094884.550000
4096046.250000
4097350.100000
4111218.300000
4132835.500000
4137228.050000
4137233.800000
4147084.600000
4147108.950000
4147117.800000
4150524.800000
4154747.950000
4154755.450000
4154759.900000
4157389.700000
4157662.200000
4157665.800000
4157669.700000
4158349.150000
4158583.650000
4158590.400000
4158782.650000
4158872.350000
4158877.600000
4159324.850000
4159329.350000
4165497.650000
4165502.050000
4183958.800000
4183971.800000
4184077.550000
4184091.050000
4184098.750000
4184154.350000
4184157.600000
4184163.200000
4184251.350000
4184254.500000
4184378.000000
4184384.050000
4184389.750000
4184492.550000
4184502.550000
4184610.800000
4184614.200000
4184619.950000
4184733.450000
4184736.900000
4184772.500000
4184890.050000
4185118.200000
4185122.900000
4185141.300000
4186017.650000
4186130.350000
4186347.850000
4186356.150000
4186442.750000
4186965.350000
4186991.900000
4251397.750000
4251406.550000
4251419.450000
4257542.750000
4257557.300000
4264856.100000
4264950.350000
4264956.500000
4264966.200000
4264970.250000
4312574.550000
4334356.100000
4361234.500000
4361259.200000
4363021.000000
4363108.950000
4363226.800000
4363396.150000
4363399.400000
4363403.100000
4363438.650000
4363442.750000
4363549.650000
4363554.150000
4363644.300000
4363647.800000
4363651.900000
4363656.800000
4363746.600000
4379186.050000
4379194.500000
4379201.350000
4379204.550000
4379237.300000
4379244.950000
4379250.150000
4379261.850000
4380066.450000
4380196.400000
4387807.050000
4402747.700000
4402779.500000
4402796.050000
4425054.550000
4437127.250000
4437346.900000
4453482.700000
4453505.500000
4453512.250000
4453522.800000
4463735.650000
4465339.000000
4465490.950000
4465501.350000
4475721.950000
4475729.200000
4475752.650000
4530319.900000
4530338.700000
4530661.450000
4530747.550000
4530751.450000
4530755.000000
4530759.650000
4530845.000000
4530848.450000
4531077.700000
4531082.900000
4531113.800000
4531193.950000
4531197.350000
4531201.250000
4531210.450000
4531911.000000
4533825.600000
4533835.500000
4534043.800000
4534048.300000
4534148.150000
4534151.650000
4534158.800000
4534168.350000
4534189.000000
4534252.300000
4534257.300000
4534288.100000
4534295.100000
4534299.300000
4534485.000000
4534488.000000
4534492.700000
4534501.800000
4534506.650000
4534523.950000
4534541.100000
4534644.250000
4534651.700000
4534718.100000
4534721.000000
4534727.900000
4534737.650000
4534768.150000
4534849.050000
4534852.400000
4534858.800000
4534866.850000
4534961.900000
4534965.250000
4535215.950000
4535221.300000
4536461.850000
4537171.650000
4537633.700000
4537644.650000
4537648.450000
4602970.750000
4606380.400000
4608027.700000
4608037.850000
4610262.700000
4610268.700000
4610275.800000
4610283.050000
4614574.550000
4616663.400000
4620534.900000
4620539.200000
4622735.900000
4622740.300000
4622746.400000
4622754.850000
4622758.850000
4624943.150000
4626429.500000
4626699.850000
4626708.850000
4627760.150000
4627769.800000
4628206.500000
4628210.650000
4628215.050000
4628219.550000
4628265.100000
4628269.700000
4628280.900000
4628301.050000
4629687.300000
4631467.750000
4631472.750000
4632119.200000
4632127.350000
4632132.000000
4632204.950000
4634947.450000
4634951.400000
4634961.950000
4634969.900000
4634977.600000
4635057.100000
4635060.500000
4635063.950000
4635163.300000
4635166.950000
4635174.550000
4635273.300000
4635276.850000
4635306.200000
4635322.600000
4635372.900000
4635376.950000
4635504.200000
4635509.250000
4635552.000000
4635555.350000
4635628.150000
4635631.500000
4635636.200000
4635655.850000
4635659.400000
4635715.250000
4635718.600000
4635851.400000
4635855.000000
4635860.150000
4635940.050000
4635943.600000
4635956.100000
4635984.200000
4635988.950000
4636000.100000
4636144.200000
4636147.950000
4636155.800000
4636409.950000
4636413.700000
4636588.850000
4636594.750000
4636600.250000
4636639.250000
4636665.450000
4636669.200000
4636678.000000
4636703.650000
4636715.950000
4636720.650000
4636726.800000
4636814.950000
4637035.000000
4637067.000000
4637070.400000
4637075.300000
4637417.450000
4637427.050000
4637431.550000
4637555.000000
4637558.850000
4637563.250000
4637664.750000
4637668.200000
4637674.200000
4637754.550000
4637760.450000
4637791.050000
4638073.450000
4638083.950000
4638088.200000
4638101.150000
4638106.750000
4638306.450000
4638447.800000
4638457.150000
4638460.700000
4638973.500000
4642102.250000
4650086.750000
4650093.250000
4668044.050000
4668179.350000
4677485.700000
4677489.350000
4678037.850000
4678047.200000
4678051.550000
4682166.450000
4682390.450000
4682404.600000
4682902.500000
4683554.600000
4683944.750000
4683950.800000
4684063.050000
4684067.850000
4684072.550000
4684207.150000
4684210.650000
4684215.400000
4684614.700000
4684619.350000
4684627.650000
4684634.050000
4684739.200000
4684742.400000
4684777.850000
4684785.700000
4684796.400000
4685081.850000
4685115.650000
4685934.800000
4685971.400000
4685983.750000
4686075.700000
4686206.100000
4686209.750000
4686214.150000
4686331.850000
4686340.450000
4686348.900000
4686355.850000
4686366.550000
4686431.250000
4686434.600000
4686440.800000
4686692.750000
4686774.950000
4686944.500000
4686949.150000
4686973.300000
4686980.250000
4687110.650000
4687114.100000
4687119.700000
4687188.950000
4687229.050000
4687232.300000
4687276.600000
4687281.400000
4687404.650000
4687646.350000
4687703.200000
4687719.500000
4687723.550000
4687885.750000
4688044.800000
4688108.750000
4688117.150000
4695497.550000
4695501.500000
4695779.550000
4700612.350000
4700631.450000
4700647.500000
4700650.850000
4700728.350000
4700731.650000
4700883.050000
4700893.550000
4700903.150000
4701090.050000
4701094.100000
4701141.550000
4701145.250000
4701155.000000
4701213.900000
4701256.000000
4701356.550000
4701442.150000
4701446.300000
4701458.500000
4701466.250000
4701482.550000
4701489.400000
4701569.200000
4701599.500000
4717612.050000
4717619.200000
4722102.550000
4722113.750000
4722117.900000
4727541.050000
4727549.150000
4727566.800000
4728887.000000
4729790.000000
4729799.550000
4729804.400000
4730345.650000
4730351.000000
4730355.150000
4730377.150000
4730383.200000
4740492.350000
4740497.000000
4740728.050000
4740734.700000
4740738.300000
4740803.800000
4740810.600000
4740814.900000
4740884.650000
4741269.500000
4741273.600000
4741278.500000
4741297.100000
4741309.050000
4741400.550000
4741405.250000
4741410.950000
4741691.650000
4741695.750000
4741700.800000
4741868.450000
4741872.100000
4741913.900000
4741922.700000
4741969.000000
4741974.600000
4742150.700000
4742389.600000
4742521.850000
4743388.050000
4743392.350000
4744340.750000
4744865.450000
4780630.850000
4789058.500000
4789072.100000
4792181.600000
4792830.750000
4793152.100000
4794236.650000
4800503.400000
4809548.250000
4817761.900000
4817772.800000
4817781.200000
4859811.850000
4867616.450000
4867621.450000
4872395.750000
4880755.100000
4895535.900000
4902010.250000
4902015.650000
4902025.200000
4902028.550000
4913187.550000
4913194.550000
4913201.700000
4913206.950000
4913222.350000
4914733.950000
4914742.450000
4914762.200000
4915485.900000
4919858.850000
4923610.750000
4923614.950000
4923624.250000
4927484.500000
4927488.000000
4927491.200000
4927569.350000
4927572.500000
4927576.700000
4928758.700000
4929026.750000
4929394.600000
4929399.000000
4929494.650000
4929672.300000
4929675.700000
4929681.550000
4930277.750000
4930657.000000
4930662.100000
4930744.300000
4930772.950000
4930776.750000
4931115.650000
4931125.450000
4931142.000000
4931146.700000
4931152.100000
4931168.200000
4931342.350000
4931346.200000
4931353.550000
4931418.500000
4931424.050000
4931448.800000
4931794.450000
4931798.850000
4931810.450000
4931814.300000
4932002.100000
4932005.450000
4932011.400000
4932501.750000
4932509.400000
4932676.950000
4932681.650000
4932687.550000
4933012.600000
4933217.300000
4933237.100000
4933245.050000
4934201.850000
4934205.750000
4934513.350000
4934541.650000
4934550.700000
4934651.550000
4934776.850000
5002180.900000
5007160.150000
5033534.050000
5043128.150000
5043285.200000
5049202.700000
5050768.050000
5062439.100000
5064416.450000
5065012.600000
5107699.800000
5116434.050000
5117333.850000
5125303.350000
5170681.100000
5170685.450000
5170690.250000
5170701.650000
5181269.500000
5181381.500000
5181389.250000
5181393.750000
5191466.650000
5194407.250000
5219207.900000
5219240.100000
5221680.200000
5225652.950000
5226315.900000
5227513.250000
5230873.350000
5235942.250000
5253618.550000
5280777.900000
5280786.200000
5280800.750000
5298517.500000
5301636.300000
5329322.250000
5329330.100000
5331660.600000
5332480.400000
5338154.100000
5348421.850000
5353961.100000
5353969.950000
5353978.550000
5362888.800000
5368141.050000
5368146.950000
5370656.700000
5370672.200000
5370677.900000
5370690.300000
5370695.550000
5374017.750000
5383377.850000
5383398.950000
5383422.650000
5383426.600000
5397203.200000
5415521.850000
5415526.600000
5415530.950000
5415547.350000
5423622.950000
5423693.800000
5423706.150000
5428486.050000
5431811.050000
5431816.450000
5440269.400000
