199.650000
1842.500000
1994.300000
2053.400000
2141.550000
2250.250000
2264.400000
2386.350000
2659.750000
2937.850000
3007.000000
3016.800000
3380.350000
3648.750000
4034.950000
4277.900000
6358.800000
7660.600000
8403.100000
9284.600000
9926.250000
10023.450000
10398.850000
10787.400000
11050.850000
11062.900000
11598.550000
12168.300000
22526.500000
23470.450000
25333.450000
26744.050000
26952.700000
27072.150000
27317.100000
27458.000000
28187.750000
28367.400000
28479.100000
31297.350000
31851.400000
36452.250000
36587.250000
43262.050000
43573.350000
43739.850000
43781.850000
43804.300000
44444.800000
44457.300000
45141.550000
45816.000000
46057.650000
46666.550000
50336.950000
50549.450000
55964.850000
75834.800000
81437.500000
92558.850000
93350.050000
93800.600000
94031.900000
94259.700000
94478.400000
94689.500000
94703.350000
94708.950000
94784.150000
94799.650000
94803.750000
94815.950000
94928.150000
95043.100000
95143.300000
95147.850000
95264.350000
95322.950000
95456.150000
95503.600000
95526.100000
95627.100000
95908.200000
95911.500000
95926.900000
95935.750000
96131.150000
97746.800000
98029.050000
98101.700000
99735.250000
99852.400000
100712.800000
100920.650000
100966.500000
101011.200000
102070.650000
102133.000000
102144.050000
102339.600000
102381.650000
102653.700000
102658.400000
102666.500000
103686.350000
104145.450000
104750.700000
106154.300000
106159.450000
107582.250000
107714.200000
108230.450000
115307.850000
119242.050000
119482.150000
119884.400000
120007.000000
120231.600000
120310.550000
120398.300000
120603.850000
120723.400000
120852.450000
121061.350000
121445.750000
121587.200000
121658.150000
121672.700000
121677.300000
122045.100000
122048.900000
122147.400000
126884.100000
126955.900000
127065.450000
127069.200000
128402.200000
128726.450000
129092.950000
130889.450000
136028.850000
147357.500000
149036.250000
149276.350000
149805.800000
150624.050000
150661.550000
150900.650000
156536.350000
157124.950000
157359.600000
157496.700000
157626.150000
157701.750000
157730.500000
159321.800000
159434.550000
159531.600000
159544.100000
159579.100000
159604.850000
159907.150000
161486.250000
161844.400000
162211.300000
162234.350000
162344.500000
162460.650000
162809.900000
162980.000000
162984.000000
163088.150000
163194.400000
163199.650000
163334.800000
163338.950000
163445.600000
163448.900000
163487.800000
163729.200000
163732.950000
163841.650000
163844.800000
163957.850000
163995.250000
164120.400000
164125.550000
164166.650000
164294.100000
164393.850000
164422.850000
164523.500000
164630.200000
164633.400000
164772.000000
164776.650000
173525.400000
173553.600000
173558.700000
173761.700000
173799.300000
174018.150000
174278.950000
174389.300000
177690.800000
177952.450000
179734.250000
182489.450000
182994.750000
183001.850000
183863.550000
184079.750000
184187.000000
185388.800000
191665.300000
194731.650000
208748.350000
208859.200000
208968.150000
212267.000000
216999.850000
217581.100000
217596.800000
217681.400000
217686.150000
217703.650000
217884.650000
218402.650000
218628.700000
218645.200000
218721.150000
218867.950000
219144.650000
219306.650000
219564.100000
219584.750000
219694.900000
219698.650000
220039.000000
220513.400000
220642.050000
220721.200000
220726.250000
220753.250000
223003.500000
223130.900000
227461.150000
228927.250000
229241.800000
235974.700000
236403.000000
237054.400000
238298.650000
266178.450000
274767.750000
277271.350000
277479.450000
277626.550000
277956.600000
278081.950000
278306.650000
278310.550000
278620.650000
278686.350000
278954.600000
279024.550000
279059.150000
279127.350000
279253.100000
279380.650000
279557.200000
279690.150000
279694.200000
279849.850000
280055.500000
280098.700000
280151.050000
280659.150000
281179.500000
281736.050000
281956.000000
282166.850000
282382.050000
282389.150000
282745.650000
282860.100000
282958.850000
283585.300000
284442.300000
284459.100000
284487.700000
284533.250000
284541.800000
284682.200000
284703.650000
284795.150000
284809.100000
284942.700000
285093.600000
285097.800000
285203.000000
287442.900000
287946.500000
287956.900000
288187.650000
288915.150000
288969.200000
289013.450000
289517.050000
289836.550000
294489.900000
295919.050000
298078.750000
305754.700000
306480.900000
306701.250000
306997.700000
307024.000000
307806.050000
307846.400000
308150.250000
308413.300000
310543.550000
315965.000000
315968.200000
315984.100000
316368.650000
316427.200000
317148.750000
317681.150000
318229.350000
321764.050000
322065.800000
322068.400000
322248.750000
323662.850000
325228.200000
325881.400000
331405.650000
332060.450000
332383.300000
337081.650000
337093.550000
337201.350000
340851.600000
341556.550000
344864.650000
345122.250000
345181.950000
345280.700000
345377.050000
346401.350000
347037.400000
347372.350000
347377.650000
347602.550000
347608.200000
348158.550000
348161.900000
348265.800000
348269.200000
348274.000000
348372.850000
348578.100000
348619.850000
349704.900000
350351.400000
351373.150000
351445.450000
351548.900000
351559.850000
351668.900000
352060.250000
352065.850000
353230.550000
353887.300000
353916.950000
353921.150000
353956.000000
353975.850000
353980.050000
353997.000000
354116.050000
354121.050000
354360.000000
354370.950000
354460.600000
354472.800000
354522.950000
354534.150000
354599.550000
354619.300000
354628.000000
354706.650000
354713.900000
354820.100000
355037.750000
356135.500000
356220.350000
356761.450000
357633.950000
357718.150000
357782.200000
357792.650000
359088.250000
359138.950000
361610.750000
362245.800000
368839.450000
371110.050000
372399.250000
372403.150000
372516.800000
372648.500000
372895.250000
374687.250000
377183.250000
377465.000000
377893.300000
377985.250000
378769.700000
378774.700000
378779.900000
378783.800000
378789.800000
379025.100000
379382.450000
379489.750000
379496.300000
379814.000000
380072.850000
380084.250000
380705.700000
380932.200000
381186.400000
382433.750000
383082.900000
383344.200000
383482.600000
383539.750000
383545.250000
383664.400000
383864.700000
384344.450000
384352.050000
384430.200000
384439.350000
384452.050000
384457.650000
384465.200000
384470.800000
384540.400000
384554.400000
384647.950000
384658.050000
384676.400000
385844.650000
392519.250000
397551.200000
397556.700000
397563.300000
397568.500000
398710.550000
399162.800000
400037.650000
401615.600000
401656.550000
401915.900000
401920.750000
401926.450000
401930.650000
402003.500000
402009.950000
402105.050000
402117.900000
402123.700000
402136.450000
402143.150000
402166.200000
402250.300000
402267.300000
402490.650000
405179.250000
405210.300000
405308.900000
405796.100000
406079.750000
407930.050000
408088.800000
408216.700000
409321.900000
409342.550000
409345.900000
409387.050000
409414.800000
409424.900000
409435.550000
410006.050000
410030.500000
410065.450000
410078.100000
410118.600000
410141.400000
410158.050000
410183.000000
410215.900000
410224.350000
410234.650000
410244.150000
410249.950000
410308.650000
410343.750000
410354.400000
410476.350000
410493.500000
410514.100000
411793.050000
412912.250000
412915.700000
412931.650000
412937.200000
412942.550000
412947.000000
412950.850000
412981.250000
412992.950000
413007.800000
413019.050000
413027.300000
413122.550000
413126.300000
413132.300000
413158.400000
413167.350000
413230.350000
413233.700000
413240.350000
414501.350000
417475.150000
418157.300000
418591.850000
421324.800000
426681.950000
429619.400000
430222.300000
431698.350000
432104.900000
432241.450000
437462.400000
437602.700000
438417.150000
438520.900000
443484.050000
445475.300000
446572.050000
446827.900000
461232.500000
463612.600000
470503.900000
472979.000000
474636.750000
477074.400000
479469.700000
479695.750000
479810.500000
479931.250000
480158.850000
480164.450000
480172.850000
480179.850000
480184.050000
480188.200000
482805.200000
488918.700000
489588.200000
490421.500000
490651.250000
490700.900000
490830.550000
490878.100000
491056.650000
491118.750000
491165.600000
492251.700000
493215.800000
493232.750000
493237.350000
493331.000000
493342.200000
493586.450000
493594.050000
493690.650000
493699.100000
493932.300000
496725.050000
496995.750000
498350.100000
498463.600000
498489.850000
502342.300000
502776.200000
506267.850000
506703.800000
506727.600000
506732.150000
506736.650000
506800.900000
509507.650000
514699.600000
515274.450000
517548.950000
519069.000000
531349.450000
536625.450000
540068.900000
549344.550000
553786.650000
556756.350000
556873.800000
559760.200000
564264.050000
565495.300000
569184.950000
570870.800000
574053.450000
574940.000000
575200.150000
575674.400000
575679.000000
575683.800000
576864.200000
576960.100000
576964.300000
576969.600000
576973.600000
577249.850000
577262.750000
577272.350000
579583.400000
579893.650000
582988.050000
584797.900000
586283.600000
588335.500000
590590.600000
613042.650000
616217.700000
616523.800000
618632.750000
619827.150000
619831.700000
619962.400000
620230.350000
620266.500000
620382.050000
620554.550000
620795.150000
621041.100000
621046.900000
621150.700000
621821.950000
621826.650000
622187.500000
624120.800000
624138.350000
624300.350000
624321.900000
624404.750000
624926.550000
624930.600000
625134.200000
625163.650000
625359.100000
625446.200000
625454.700000
625686.200000
625923.950000
626161.600000
626477.950000
626730.150000
626756.750000
626878.550000
626883.700000
626893.400000
627401.100000
627433.350000
627543.100000
627560.700000
627675.550000
627703.800000
627718.100000
627726.800000
627925.650000
628155.650000
628386.450000
630329.700000
631507.400000
631697.650000
631883.500000
631904.000000
634465.000000
635318.250000
635681.650000
636833.900000
636959.750000
637040.600000
646954.700000
648095.550000
648257.400000
648359.300000
648367.400000
649705.050000
651400.700000
651407.900000
654255.200000
656075.350000
656217.550000
656451.900000
656456.200000
656461.150000
656925.300000
657247.800000
657253.150000
657384.100000
657703.300000
657714.000000
657887.050000
657937.250000
657945.400000
657967.850000
658042.750000
658075.550000
658176.800000
658187.600000
662546.150000
666735.700000
666798.150000
666803.600000
674318.300000
674488.150000
675560.200000
681440.100000
683510.000000
686901.000000
689793.300000
690170.500000
690869.550000
690966.000000
695852.800000
696414.050000
697783.950000
697785.800000
698903.200000
698904.200000
699498.000000
703751.300000
703985.950000
704231.550000
704323.550000
704472.350000
704615.450000
704688.100000
707697.100000
708172.650000
708417.250000
709513.050000
715426.600000
729092.600000
729480.800000
729614.550000
731826.750000
731831.950000
731835.700000
733034.750000
733133.450000
733138.950000
733276.500000
733390.450000
733606.200000
733727.250000
733864.800000
733868.800000
733933.150000
733951.600000
734050.600000
734056.300000
734157.750000
734162.800000
734325.950000
734331.300000
734360.050000
734418.600000
734426.050000
734519.100000
734807.500000
734943.900000
734948.400000
735146.550000
735313.800000
735450.050000
735455.450000
735877.050000
735883.350000
736020.450000
736376.250000
736417.950000
736471.650000
736587.850000
737108.350000
737111.700000
737116.150000
737121.750000
737160.600000
737231.750000
737249.100000
737626.150000
737918.050000
738043.400000
738052.550000
738202.550000
738743.650000
738776.000000
738782.750000
739294.850000
740324.750000
740424.400000
740434.650000
740439.100000
740501.250000
740521.350000
740526.800000
740626.700000
740653.100000
740785.750000
740942.400000
740983.050000
740999.600000
741004.150000
741049.000000
741055.300000
741063.550000
741207.000000
741222.550000
741249.750000
741516.150000
741521.750000
741779.950000
741795.450000
743131.400000
743137.600000
743372.450000
743382.650000
743489.700000
743624.800000
743749.350000
743875.750000
743881.900000
743890.100000
743979.400000
744056.100000
744060.300000
744312.050000
744319.350000
745174.850000
745179.300000
745246.200000
745439.050000
745445.350000
745462.500000
745569.450000
745575.450000
745685.300000
745691.650000
745697.300000
745765.850000
745769.700000
745865.300000
745911.200000
745935.550000
745996.100000
746127.950000
746224.050000
746228.300000
746463.200000
746468.050000
746677.700000
746682.900000
746717.950000
746813.250000
746824.800000
746832.650000
746886.600000
747771.200000
749753.000000
750895.250000
751609.250000
751613.450000
752085.300000
752789.200000
752951.150000
752971.250000
753117.650000
753242.200000
753352.000000
753403.450000
753407.800000
753440.300000
753446.100000
753574.950000
754787.850000
754797.250000
754802.300000
754814.550000
754828.300000
755959.150000
759334.650000
759551.700000
760323.200000
760328.350000
760950.150000
760954.500000
760979.450000
760983.100000
760988.350000
761032.600000
761379.350000
761392.050000
761493.500000
761565.650000
761580.750000
761691.650000
761699.800000
761998.500000
762002.600000
762017.700000
762456.350000
762565.700000
762682.450000
762706.300000
762815.950000
763100.550000
763109.600000
763195.150000
763199.900000
763293.850000
763315.600000
763322.800000
763338.000000
763414.650000
763786.200000
763792.000000
763979.800000
764152.850000
764161.000000
764167.600000
764185.650000
764190.600000
764251.950000
764368.550000
764373.650000
764473.850000
764479.000000
764489.850000
764570.550000
764574.300000
764577.550000
764581.950000
764688.450000
764696.650000
764815.850000
764821.500000
764827.400000
764832.550000
764989.850000
765252.050000
765257.550000
766111.050000
766116.000000
766136.700000
766145.500000
766153.000000
766583.250000
766782.200000
768080.600000
768089.800000
768095.650000
768102.150000
768118.750000
768690.200000
768694.400000
768807.750000
768948.350000
768963.200000
768968.950000
769047.200000
769054.050000
769099.550000
769499.950000
769589.600000
769653.450000
769660.650000
769703.900000
769731.800000
769772.150000
769785.500000
770191.900000
770231.250000
770248.150000
770255.800000
770460.800000
770466.150000
770737.400000
770955.450000
770961.100000
770976.200000
771190.750000
771195.150000
771233.500000
771346.200000
771572.650000
771577.700000
771756.600000
771764.050000
771769.900000
772124.850000
772324.150000
772703.650000
772774.500000
772778.450000
772786.650000
772810.800000
772823.150000
772831.750000
772947.300000
773151.550000
773155.850000
773912.050000
774003.700000
774009.850000
774249.050000
774253.700000
774289.550000
774296.100000
774330.350000
774372.100000
774378.400000
774383.100000
774387.550000
774392.450000
776971.150000
776976.950000
777371.050000
777379.250000
777384.150000
777391.200000
777412.800000
777499.550000
777503.100000
778926.950000
778953.300000
779163.500000
779926.550000
779935.400000
779950.250000
780607.150000
780941.900000
781002.750000
781014.500000
781035.250000
781042.850000
781066.900000
781200.600000
781203.900000
781693.350000
782007.850000
782454.700000
782465.100000
782520.050000
782766.350000
782992.650000
783125.100000
783734.650000
783746.600000
783773.350000
783908.800000
783913.600000
783920.800000
783958.150000
783975.500000
783982.500000
783990.400000
783996.000000
784279.500000
784288.450000
784566.000000
784578.350000
784683.000000
784830.700000
784842.150000
785069.150000
785086.150000
785093.550000
785133.550000
785170.500000
785175.700000
785194.150000
785304.950000
785346.150000
785357.250000
785446.200000
785677.850000
785900.900000
785905.350000
785914.900000
785931.700000
785936.100000
786103.350000
786107.650000
786116.600000
786125.700000
786235.400000
786255.050000
786272.650000
786464.600000
786473.000000
786482.150000
786887.000000
786892.650000
786902.650000
786948.850000
787040.150000
787046.400000
787053.550000
787210.700000
787218.900000
787239.450000
787295.350000
787319.150000
787338.550000
787380.950000
787384.850000
787390.250000
787491.350000
787496.050000
787501.850000
787625.550000
787631.300000
787637.350000
787887.100000
788158.650000
788179.050000
788393.250000
788400.100000
788467.750000
788472.650000
788602.000000
788618.200000
789145.050000
789236.000000
789679.750000
789798.000000
789805.200000
789820.900000
789827.800000
789839.600000
789920.400000
789925.550000
790391.250000
790402.050000
790452.250000
790556.250000
790563.050000
790583.200000
790630.400000
790811.800000
790820.850000
790892.200000
790896.600000
791115.700000
791119.400000
791129.700000
791150.450000
791170.000000
791176.050000
791255.350000
791259.750000
791265.050000
791360.600000
791364.200000
791369.800000
791386.250000
791479.750000
791483.800000
791618.400000
791637.200000
791646.600000
791756.400000
791766.100000
791860.000000
791865.100000
791870.450000
791982.950000
791987.350000
792000.500000
792106.300000
792124.000000
792136.350000
792244.950000
792256.000000
792341.950000
792346.650000
792353.800000
792821.850000
792869.500000
793237.000000
793240.650000
793244.450000
793251.700000
793510.800000
793717.700000
794490.200000
795080.450000
795088.300000
795094.750000
795103.400000
795114.550000
795127.800000
795171.500000
795241.650000
795252.450000
795263.600000
795402.050000
795564.300000
795572.100000
796918.800000
796956.750000
796991.100000
797022.200000
797620.400000
797697.000000
797711.000000
797713.500000
797724.950000
797735.150000
797746.700000
797811.500000
797900.000000
798010.150000
798023.800000
798030.350000
798101.200000
798109.700000
798121.100000
798229.100000
798692.900000
798787.050000
803061.800000
803099.250000
803187.050000
803416.450000
804392.400000
804523.150000
804661.500000
804675.100000
804745.150000
804753.000000
804762.050000
804879.400000
804884.150000
805104.850000
805114.450000
805236.300000
805356.050000
805578.900000
805584.450000
805788.300000
805972.750000
806099.100000
806106.000000
806640.800000
806824.250000
806831.550000
806852.800000
806856.450000
807017.800000
807205.900000
807643.500000
807751.150000
807760.150000
807772.800000
807788.500000
807795.400000
807984.100000
807993.750000
808070.350000
808081.650000
808128.100000
808154.050000
808283.050000
808328.750000
808369.150000
808483.050000
808516.200000
808533.300000
808548.100000
808562.700000
808600.650000
808629.550000
808660.250000
808715.600000
808778.600000
808817.500000
808866.500000
808873.200000
808909.400000
808986.050000
809138.000000
809166.300000
809247.900000
809325.000000
809360.100000
809445.600000
809663.200000
809678.950000
809723.950000
810187.050000
811210.450000
811220.500000
811350.150000
811359.750000
811973.600000
812756.050000
814616.550000
814751.150000
814756.950000
814768.000000
815877.700000
815907.250000
815939.800000
816975.850000
817353.050000
817367.450000
817467.250000
817477.600000
818138.850000
818144.600000
818807.550000
818898.900000
818910.000000
818975.450000
819119.050000
819369.400000
819783.150000
819827.500000
819900.300000
819923.850000
819929.050000
819930.600000
820183.800000
820192.500000
820630.350000
820713.000000
820769.700000
820894.350000
821783.100000
821791.150000
821808.150000
821921.050000
821931.250000
821941.050000
822942.850000
822956.500000
823314.150000
823340.900000
824898.550000
824903.450000
824978.450000
824983.450000
825001.550000
825091.350000
825189.250000
825194.200000
827182.250000
827299.850000
827328.750000
827330.600000
829772.950000
829777.550000
829803.450000
829907.150000
830013.850000
830019.400000
830275.200000
830301.800000
830405.100000
830449.100000
830503.700000
830525.950000
830748.100000
830807.250000
830813.700000
831056.300000
831060.200000
831065.500000
831182.050000
831189.100000
831398.250000
831493.750000
832046.800000
832643.300000
832795.900000
832803.150000
832944.200000
833619.400000
834072.500000
835291.700000
835813.900000
835823.600000
836041.400000
836172.100000
836183.300000
836200.500000
836204.550000
836523.000000
837156.600000
837162.000000
837167.750000
837404.250000
837800.050000
838823.100000
838827.750000
838977.500000
838983.150000
838992.900000
839275.900000
840663.550000
840764.100000
840770.050000
840870.650000
840875.700000
840886.250000
840975.600000
841001.950000
841051.400000
841098.700000
841115.300000
841176.350000
841187.500000
841197.150000
841220.300000
841298.350000
841573.300000
841746.850000
841795.650000
841928.000000
841990.850000
843319.550000
859414.100000
861614.250000
865967.700000
866481.500000
868041.650000
871535.800000
873758.950000
874365.350000
875033.450000
878607.050000
878744.300000
884614.950000
885044.350000
885986.300000
886039.250000
886051.250000
889192.650000
890420.350000
899868.000000
900723.600000
901470.250000
915443.950000
915668.500000
919226.950000
928337.650000
928785.200000
930266.950000
930368.300000
931189.950000
931441.850000
932623.650000
932793.850000
933378.950000
933497.700000
933501.850000
933626.300000
933697.300000
933707.550000
933852.550000
934011.600000
934025.900000
934088.750000
934514.650000
934527.150000
934697.250000
934831.850000
935242.400000
935257.300000
935786.400000
935990.050000
936488.050000
937434.750000
937443.750000
937672.000000
938823.600000
938963.450000
939644.800000
939982.950000
940032.750000
940161.750000
940353.000000
940359.450000
940861.600000
941000.600000
941160.600000
941165.200000
941272.250000
941365.450000
941593.650000
941978.400000
942640.700000
944930.000000
946021.100000
946374.950000
951366.550000
953634.850000
953639.400000
953729.500000
954092.000000
954097.300000
954131.900000
954522.700000
954653.800000
954739.550000
954825.800000
954835.300000
954878.250000
955952.650000
956007.100000
956101.850000
956193.750000
956512.650000
956638.800000
956643.650000
956705.000000
956712.850000
960622.300000
960882.450000
960998.200000
963804.000000
964267.650000
964613.850000
972126.350000
973006.600000
980447.750000
983348.700000
983457.350000
989148.950000
992206.200000
998876.050000
999801.150000
999929.850000
999945.100000
1001335.100000
1001454.600000
1006617.000000
1011376.050000
1011380.550000
1011403.950000
1011612.700000
1011995.500000
1012170.700000
1012399.000000
1012411.750000
1012424.950000
1012429.550000
1012557.550000
1012770.200000
1013138.350000
1013582.100000
1013685.450000
1013694.600000
1013700.900000
1013936.750000
1013994.300000
1014001.500000
1014124.650000
1014128.600000
1014336.950000
1014398.350000
1014586.200000
1014589.750000
1014666.250000
1014672.350000
1014683.200000
1014704.550000
1014709.900000
1014839.700000
1014935.400000
1014939.250000
1015026.500000
1015115.950000
1015131.100000
1015170.000000
1015422.650000
1015468.500000
1015473.850000
1015585.000000
1015706.300000
1015712.250000
1015806.050000
1016071.550000
1016149.650000
1016236.250000
1016274.250000
1016298.650000
1016379.150000
1016464.550000
1016513.400000
1016527.650000
1016584.100000
1016598.800000
1016794.250000
1016965.400000
1016977.850000
1017073.950000
1017113.250000
1017129.200000
1017211.800000
1017318.000000
1017388.650000
1017458.600000
1017621.900000
1017625.700000
1017855.750000
1017859.350000
1017864.250000
1017868.250000
1018007.750000
1018175.950000
1018250.200000
1018271.450000
1018284.900000
1018293.200000
1018324.850000
1018332.350000
1018395.750000
1018408.150000
1018416.750000
1018444.100000
1018452.750000
1018470.150000
1018531.050000
1018552.850000
1018594.600000
1018604.300000
1018673.900000
1018691.250000
1018822.400000
1018923.350000
1018945.150000
1019185.850000
1019231.400000
1019242.300000
1019252.450000
1019307.700000
1019312.650000
1019359.750000
1019484.700000
1019518.150000
1019579.500000
1019587.800000
1019641.800000
1019686.650000
1019699.600000
1020082.500000
1020163.600000
1020447.400000
1020549.300000
1021079.000000
1021142.050000
1021172.900000
1021181.600000
1021277.350000
1021361.100000
1021366.850000
1021457.200000
1021575.500000
1021685.450000
1021690.350000
1021732.800000
1021738.250000
1021748.000000
1021895.300000
1022006.350000
1022123.100000
1022220.550000
1022224.100000
1022233.200000
1022239.150000
1022247.200000
1022365.750000
1022385.600000
1022405.900000
1022491.900000
1022507.850000
1022511.750000
1022761.850000
1022861.800000
1023001.850000
1023096.500000
1023423.350000
1023459.100000
1023462.850000
1023499.600000
1023550.450000
1023558.100000
1023945.800000
1024248.200000
1024530.450000
1024535.000000
1024546.150000
1024605.900000
1024971.150000
1024988.650000
1025000.750000
1025010.450000
1025145.000000
1025148.900000
1025163.550000
1025334.050000
1025464.050000
1025606.000000
1025617.950000
1025721.100000
1025729.600000
1025735.300000
1025742.350000
1026059.550000
1026072.150000
1026081.000000
1026082.250000
1026188.000000
1026202.550000
1026209.750000
1026224.150000
1026247.700000
1026398.000000
1026406.750000
1026490.550000
1026556.450000
1026564.750000
1026804.100000
1027543.150000
1027649.750000
1027866.800000
1027957.500000
1027963.100000
1027967.200000
1028082.200000
1028742.200000
1028773.250000
1028780.450000
1028791.750000
1028998.550000
1029033.400000
1029037.050000
1029042.300000
1029142.250000
1029150.900000
1029155.450000
1029273.800000
1029781.850000
1029817.500000
1030348.550000
1030369.750000
1030478.900000
1030662.000000
1030685.900000
1031128.300000
1031222.300000
1031265.200000
1031301.600000
1031335.600000
1031350.000000
1031360.800000
1031466.550000
1032065.300000
1032071.550000
1032143.500000
1032150.850000
1032287.650000
1032426.800000
1032431.250000
1032499.250000
1032575.150000
1032579.350000
1032610.050000
1032660.400000
1032666.050000
1032674.050000
1032951.500000
1033100.850000
1033160.700000
1033172.800000
1033363.700000
1033370.600000
1033456.750000
1033462.550000
1033517.300000
1033538.600000
1033704.650000
1034235.950000
1034524.300000
1034549.350000
1035417.250000
1035430.200000
1035850.950000
1035857.850000
1035868.650000
1036200.100000
1036991.550000
1037452.750000
1037469.200000
1037554.600000
1037585.800000
1037752.200000
1037761.300000
1037820.100000
1037825.450000
1037849.900000
1037859.150000
1037873.600000
1037918.100000
1037931.300000
1037952.500000
1038010.200000
1038018.500000
1038130.850000
1038164.000000
1038264.100000
1038501.200000
1038536.750000
1038604.500000
1038629.900000
1038657.800000
1038678.500000
1038756.350000
1038776.750000
1038845.200000
1038881.400000
1038989.600000
1039003.550000
1039104.500000
1039131.350000
1039299.700000
1039451.450000
1039659.900000
1039920.900000
1040017.300000
1040023.200000
1040048.750000
1040073.700000
1040099.850000
1040199.050000
1040211.350000
1040549.850000
1040555.950000
1040570.250000
1040575.600000
1040590.750000
1040606.200000
1040613.850000
1040881.800000
1041025.450000
1041029.350000
1041063.150000
1041082.600000
1041444.900000
1041450.100000
1041470.100000
1041573.650000
1041596.850000
1041606.850000
1041617.600000
1041625.700000
1041720.950000
1041795.700000
1041903.650000
1042000.650000
1043107.450000
1043112.750000
1043117.000000
1043443.350000
1043455.150000
1043462.450000
1043854.700000
1043971.400000
1044099.400000
1044109.050000
1044116.750000
1044131.750000
1044965.450000
1045074.600000
1045078.950000
1045707.950000
1045982.150000
1045986.400000
1046006.300000
1046157.950000
1046165.200000
1046178.450000
1046384.700000
1046400.850000
1046651.250000
1046660.850000
1046962.250000
1047009.150000
1047040.200000
1047359.750000
1047767.250000
1047820.050000
1047825.700000
1048295.550000
1048342.250000
1048354.000000
1048455.600000
1048485.300000
1048715.100000
1048803.100000
1048807.250000
1048856.150000
1048902.300000
1048921.000000
1049005.400000
1049118.600000
1049134.000000
1049203.500000
1049452.300000
1049459.050000
1049463.250000
1049478.350000
1049550.550000
1049592.300000
1049797.000000
1049798.900000
1049851.250000
1050228.600000
1050269.700000
1050322.900000
1050332.100000
1050427.100000
1050431.900000
1050554.600000
1050560.100000
1050737.750000
1050899.850000
1050909.150000
1050945.850000
1051055.350000
1051861.900000
1052220.750000
1052337.900000
1055808.750000
1056439.750000
1057800.650000
1057953.450000
1067522.100000
1070595.550000
1072484.600000
1073432.350000
1073974.800000
1074909.100000
1074962.450000
1074972.000000
1077200.000000
1084034.900000
1085747.950000
1094813.000000
1096055.000000
1104760.050000
1105990.600000
1108604.150000
1111045.650000
1114176.350000
1114493.450000
1115439.750000
1116925.600000
1120642.350000
1124858.300000
1132482.400000
1132487.000000
1132598.050000
1132609.650000
1132721.650000
1132778.750000
1132800.000000
1145199.350000
1148344.200000
1151324.100000
1153074.600000
1154698.600000
1158196.800000
1159195.000000
1164659.650000
1165220.500000
1165227.650000
1165236.450000
1165239.350000
1165336.750000
1166048.700000
1166058.500000
1166141.600000
1166276.000000
1166286.200000
1166326.150000
1166342.900000
1166368.500000
1166379.900000
1166435.250000
1166465.550000
1166499.300000
1166563.950000
1166602.200000
1166670.050000
1166690.250000
1166792.400000
1166820.150000
1166898.350000
1166904.650000
1167008.950000
1167036.200000
1167042.000000
1167048.950000
1167156.800000
1167246.700000
1167286.600000
1167381.750000
1167385.100000
1167394.100000
1167506.550000
1167615.900000
1167695.150000
1167713.100000
1167900.400000
1168051.700000
1168067.300000
1168104.450000
1168145.550000
1168164.700000
1168224.250000
1168307.450000
1168505.450000
1168509.750000
1168522.750000
1168528.000000
1168534.050000
1168634.400000
1168640.200000
1168669.500000
1168733.100000
1168739.050000
1168777.600000
1168864.900000
1168926.900000
1169473.200000
1169814.900000
1170447.250000
1171570.650000
1171704.350000
1171722.650000
1171726.550000
1171736.300000
1171745.650000
1172371.850000
1172871.600000
1172925.150000
1173090.400000
1173175.500000
1173412.950000
1173756.700000
1173767.000000
1173879.950000
1174777.550000
1174800.150000
1174842.450000
1174843.450000
1174959.400000
1174967.650000
1174984.000000
1175445.600000
1175502.400000
1175547.850000
1175850.200000
1175913.900000
1175921.500000
1175926.750000
1175930.850000
1176141.550000
1176236.600000
1176243.350000
1176259.600000
1176286.450000
1176298.850000
1176304.950000
1176336.050000
1176401.600000
1176421.250000
1176522.050000
1176534.550000
1176554.600000
1176564.100000
1176658.000000
1176785.750000
1176844.050000
1177301.550000
1177354.150000
1178366.000000
1178376.350000
1178557.550000
1178674.250000
1178744.700000
1178779.500000
1178788.200000
1178899.900000
1178918.700000
1179025.900000
1179142.750000
1179147.000000
1179153.800000
1179235.700000
1179302.750000
1179372.350000
1179373.250000
1179970.100000
1180280.000000
1180589.350000
1180726.050000
1180866.550000
1180876.100000
1180890.150000
1181160.100000
1182283.400000
1182310.800000
1182315.900000
1182670.650000
1183365.850000
1183373.700000
1183588.550000
1183603.200000
1183787.800000
1183800.800000
1183809.100000
1184190.750000
1184198.050000
1184288.350000
1184292.700000
1184401.900000
1184405.600000
1184410.200000
1184436.950000
1184442.750000
1184447.350000
1184452.700000
1184459.350000
1184471.450000
1184478.750000
1184601.600000
1184603.700000
1184606.300000
1184612.600000
1184694.700000
1184724.650000
1184731.900000
1184829.300000
1184911.400000
1184931.950000
1184949.700000
1184963.000000
1184966.450000
1185359.950000
1185414.900000
1185431.800000
1185521.500000
1185530.700000
1185549.400000
1185559.150000
1187559.700000
1187614.700000
1187615.900000
1187619.000000
1187631.800000
1187636.000000
1188035.650000
1188418.300000
1188535.800000
1188541.200000
1188737.150000
1188750.050000
1189123.100000
1189146.650000
1189266.250000
1189314.050000
1195468.050000
1197209.250000
1198080.600000
1200952.300000
1203942.550000
1205359.800000
1207135.050000
1211260.900000
1213664.600000
1213755.250000
1216279.050000
1220416.500000
1226591.300000
1226689.700000
1230352.550000
1231975.250000
1251101.850000
1256082.950000
1256087.500000
1260551.500000
1264311.100000
1266209.750000
1266215.900000
1266234.050000
1268294.850000
1268416.150000
1269570.100000
1269578.850000
1269669.050000
1270136.550000
1270227.200000
1270330.400000
1270397.150000
1270415.800000
1270430.550000
1270646.400000
1270879.650000
1270909.050000
1271045.350000
1271062.800000
1271102.850000
1271117.400000
1271319.950000
1271335.700000
1271353.350000
1271466.800000
1271492.100000
1271535.900000
1271573.750000
1271579.850000
1271886.150000
1271901.100000
1271906.700000
1272609.200000
1272615.400000
1272756.450000
1272894.550000
1272899.600000
1273003.500000
1273030.150000
1273051.050000
1273056.000000
1273289.100000
1273387.600000
1273408.200000
1273431.950000
1273458.450000
1273544.350000
1273560.650000
1273571.000000
1273654.200000
1273684.000000
1273715.050000
1273724.600000
1273798.800000
1273924.050000
1274177.450000
1274193.600000
1274197.900000
1274238.300000
1274394.450000
1274426.550000
1274622.450000
1274638.750000
1274747.700000
1274756.050000
1274759.900000
1274770.200000
1274881.750000
1274883.700000
1275261.750000
1275321.500000
1275349.850000
1275362.450000
1275386.200000
1275487.450000
1275643.750000
1275755.100000
1276383.650000
1284681.950000
1288767.200000
1293591.700000
1294488.750000
1295950.000000
1296530.850000
1298092.450000
1299053.500000
1302521.650000
1303179.850000
1303197.150000
1303207.350000
1303316.000000
1303323.400000
1304028.500000
1304520.400000
1304609.250000
1304978.100000
1306145.000000
1307238.700000
1309589.250000
1310634.200000
1311605.100000
1312000.600000
1315973.950000
1331183.350000
1334068.050000
1334081.500000
1334150.050000
1349093.950000
1349098.250000
1349107.850000
1349124.000000
1349128.550000
1349928.450000
1349933.450000
1349941.050000
1350054.850000
1371363.050000
1371639.600000
1371915.650000
1375888.100000
1375920.900000
1376728.050000
1378083.950000
1379984.750000
1384864.250000
1385576.600000
1392203.200000
1393612.900000
1393735.150000
1400731.200000
1400752.600000
1400990.550000
1404690.550000
1406078.600000
1408810.150000
1413709.250000
1414025.600000
1418553.700000
1419431.850000
1423651.950000
1425458.500000
1425463.650000
1425467.500000
1425478.100000
1446288.600000
1449332.150000
1452995.700000
1453775.450000
1460861.950000
1460866.550000
1460871.800000
1460944.400000
1460964.700000
1463274.300000
1470010.400000
1474768.200000
1475559.200000
1480945.400000
1481068.650000
1481074.000000
1481079.300000
1481084.800000
1481215.800000
1481383.750000
1481434.750000
1481437.950000
1481449.200000
1481473.150000
1481484.700000
1481831.300000
1481835.900000
1481967.000000
1481971.500000
1483752.650000
1483955.000000
1484134.100000
1488251.850000
1492306.750000
1493034.500000
1495745.700000
1496830.750000
1497117.300000
1502274.350000
1502281.700000
1502286.700000
1509858.750000
1514085.350000
1514088.000000
1514205.400000
1517146.600000
1518670.350000
1527172.300000
1529798.300000
1533836.650000
1537425.750000
1538724.750000
1554222.450000
1567475.300000
1571962.350000
1579117.100000
1579134.700000
1579158.150000
1579226.050000
1579439.900000
1598000.200000
1622130.100000
1624552.900000
1624554.350000
1628083.650000
1628894.500000
1635278.850000
1635290.350000
1647808.900000
1652384.450000
1661827.550000
1661833.700000
1663481.150000
1677739.850000
1681507.300000
1692995.200000
1694682.300000
1696063.900000
1699400.250000
1699990.450000
1702025.050000
1703039.700000
1703709.500000
1708628.100000
1708668.250000
1717690.950000
1719511.950000
1720966.000000
1729903.000000
1733500.100000
1740609.550000
1749458.450000
1750041.400000
1751982.450000
1752507.300000
1758903.050000
1760004.500000
1768483.200000
1770534.850000
1770546.300000
1770781.150000
1770866.450000
1772891.500000
1775068.100000
1776557.900000
1776786.200000
1777430.350000
1778315.500000
1784922.100000
1794371.650000
1799615.850000
1799638.850000
1799748.200000
1799760.250000
1799763.850000
1799769.300000
1802901.850000
1802941.350000
1803675.900000
1803817.750000
1803821.400000
1803840.850000
1803863.750000
1809828.500000
1809860.100000
1809916.850000
1824125.900000
1824254.600000
1824486.050000
1824558.500000
1827794.650000
1837008.400000
1838899.100000
1840624.400000
1850681.650000
1850774.350000
1853461.800000
1859751.950000
1859757.450000
1859763.250000
1859782.700000
1859815.950000
1862660.150000
1864669.200000
1864687.750000
1870989.700000
1876624.300000
1876632.750000
1880279.150000
1881092.650000
1884376.400000
1884816.950000
1892386.900000
1893096.750000
1896927.900000
1901306.950000
1902319.750000
1903251.650000
1903580.650000
1907186.950000
1907593.850000
1907904.250000
1908120.900000
1908406.750000
1910406.450000
1910417.150000
1910428.550000
1910506.650000
1910511.900000
1910516.450000
1911745.750000
1911786.900000
1912625.650000
1912649.700000
1912664.150000
1912726.350000
1912736.600000
1912763.350000
1913940.100000
1915710.450000
1916479.100000
1917357.100000
1918329.350000
1918346.600000
1918355.800000
1918362.750000
1918989.550000
1919270.500000
1919745.900000
1929877.800000
1931759.050000
1931764.850000
1932250.000000
1934338.350000
1935430.050000
1936735.750000
1936752.600000
1936933.350000
1936945.350000
1936977.200000
1937014.200000
1942637.550000
1943927.700000
1943932.650000
1945393.650000
1948664.450000
1949041.000000
1963741.300000
1965101.000000
1970134.750000
1977632.500000
1977656.000000
1985366.300000
1987076.600000
1992573.900000
1993830.550000
1993856.450000
2000962.000000
2009564.350000
2009588.050000
2009592.750000
2010668.600000
2013522.400000
2015959.300000
2017032.200000
2027309.400000
2027400.900000
2027405.900000
2027516.600000
2027531.550000
2027557.800000
2028909.900000
2028914.600000
2028917.900000
2028921.550000
2029210.200000
2029537.850000
2029687.650000
2032391.000000
2032398.850000
2032472.850000
2032483.950000
2033711.800000
2033994.900000
2039120.050000
2040398.600000
2040837.950000
2040881.350000
2040952.000000
2041488.800000
2041637.750000
2048289.200000
2049206.050000
2049976.850000
2056752.950000
2058691.800000
2061508.100000
2064629.750000
2065430.300000
2065665.100000
2071236.550000
2071290.650000
2079553.900000
2079578.150000
2079850.300000
2083946.550000
2084011.800000
2094845.650000
2105399.800000
2107029.950000
2112381.900000
2112561.700000
2113083.200000
2117687.550000
2117734.700000
2117779.950000
2119470.600000
2127265.150000
2132324.700000
2153261.150000
2154130.100000
2155047.050000
2163693.750000
2164554.850000
2165380.000000
2171466.050000
2172001.150000
2178494.050000
2178497.200000
2178500.650000
2178508.200000
2178718.200000
2178721.650000
2178740.050000
2178743.550000
2179322.050000
2180764.350000
2180769.900000
2180779.600000
2182140.200000
2183512.550000
2184176.650000
2188448.550000
2190526.400000
2192356.300000
2193589.200000
2194050.750000
2194105.950000
2199245.200000
2201765.750000
2201769.350000
2201772.250000
2201777.500000
2202394.200000
2202508.350000
2202658.650000
2202666.450000
2204080.050000
2204551.500000
2204636.600000
2205113.000000
2205925.550000
2207647.450000
2207651.000000
2207655.650000
2207666.600000
2207880.650000
2207888.450000
2207892.750000
2208062.950000
2208074.500000
2208084.700000
2208188.750000
2208198.700000
2208310.750000
2208326.750000
2208331.750000
2208400.150000
2208442.050000
2208454.400000
2208459.650000
2208463.950000
2208469.250000
2209024.450000
2209035.350000
2209050.200000
2209054.850000
2209323.150000
2209411.100000
2209796.800000
2210368.000000
2210375.800000
2210379.850000
2210466.050000
2210908.750000
2210914.650000
2210919.650000
2211005.300000
2211010.850000
2211015.200000
2211115.500000
2211122.900000
2211380.450000
2211469.150000
2211589.250000
2211718.550000
2211733.050000
2211749.800000
2211754.950000
2211814.750000
2211884.900000
2211900.350000
2211909.250000
2211913.900000
2211996.950000
2212013.700000
2212124.100000
2212135.300000
2212239.550000
2212318.050000
2212329.750000
2212348.650000
2212352.600000
2212357.250000
2212441.900000
2212449.650000
2212454.450000
2212458.950000
2212465.850000
2212596.500000
2212852.600000
2212971.800000
2212976.350000
2213209.500000
2213661.450000
2217721.850000
2219540.400000
2224729.900000
2224740.850000
2225375.800000
2225441.250000
2226831.050000
2227099.250000
2227102.850000
2227308.950000
2227313.100000
2227317.900000
2228123.800000
2228127.800000
2228217.650000
2228241.650000
2228502.200000
2228510.200000
2228516.300000
2228619.150000
2228629.400000
2228789.450000
2229733.200000
2229763.000000
2229818.350000
2229856.400000
2229910.050000
2229916.250000
2230012.550000
2230974.050000
2230978.100000
2231710.750000
2231915.350000
2232361.950000
2233983.550000
2234087.050000
2234119.550000
2234124.150000
2234372.800000
2234397.850000
2234442.700000
2234608.450000
2235044.050000
2235048.500000
2235143.650000
2235175.400000
2235489.850000
2235818.750000
2236220.700000
2236758.950000
2236779.150000
2237080.200000
2237089.300000
2237590.000000
2237696.600000
2237702.600000
2237709.700000
2238084.150000
2238090.300000
2238565.700000
2243092.800000
2244971.750000
2246965.200000
2246973.250000
2247818.650000
2247964.450000
2249600.050000
2249695.350000
2249827.950000
2249833.550000
2249848.300000
2249932.200000
2250181.650000
2250187.500000
2251535.100000
2254132.200000
2254136.750000
2254779.650000
2254785.650000
2255124.350000
2255350.600000
2255470.700000
2255559.250000
2255563.000000
2255570.650000
2255581.250000
2256216.600000
2256220.800000
2256354.500000
2256390.050000
2256401.350000
2256465.700000
2256904.050000
2256908.300000
2257014.650000
2257018.150000
2257022.500000
2257551.650000
2257737.650000
2257741.400000
2257809.000000
2257817.350000
2258126.250000
2258133.000000
2258138.350000
2258151.700000
2259008.450000
2259793.650000
2259798.000000
2260042.850000
2260367.250000
2260371.100000
2260426.150000
2260520.400000
2260524.500000
2260577.250000
2260838.300000
2261067.800000
2261446.650000
2261497.500000
2261501.000000
2261620.400000
2261624.500000
2262343.150000
2262347.000000
2262544.800000
2262551.500000
2262594.350000
2262607.400000
2262852.450000
2264060.950000
2264153.300000
2264191.250000
2264268.300000
2264643.600000
2264671.200000
2264678.550000
2264686.050000
2264723.250000
2264731.700000
2265022.300000
2265030.800000
2265310.300000
2265497.050000
2266058.300000
2266075.400000
2266295.700000
2267199.000000
2267276.100000
2267551.250000
2267556.250000
2267602.050000
2267815.850000
2267884.550000
2267890.250000
2268043.450000
2268273.800000
2268278.400000
2268304.200000
2268536.300000
2268558.900000
2268918.800000
2269170.200000
2269363.950000
2270365.400000
2270370.250000
2270401.000000
2270405.100000
2270432.600000
2270913.950000
2271015.900000
2271472.950000
2271499.900000
2272313.000000
2272365.900000
2272549.650000
2273102.150000
2273109.800000
2273545.600000
2273674.300000
2273679.650000
2273807.550000
2273811.650000
2274499.650000
2274543.150000
2274637.900000
2274684.300000
2275195.100000
2275275.300000
2275285.900000
2275290.650000
2275450.900000
2275762.850000
2275813.500000
2276637.850000
2277014.500000
2277028.050000
2277133.300000
2277137.900000
2277141.550000
2277237.100000
2277488.900000
2277563.000000
2277623.350000
2277799.550000
2277823.950000
2277828.250000
2277843.200000
2277849.000000
2277957.250000
2277971.850000
2277989.400000
2278061.300000
2278218.300000
2278287.650000
2278292.900000
2278310.350000
2278315.200000
2278536.550000
2278541.800000
2278559.400000
2278724.850000
2278728.900000
2278823.000000
2278827.500000
2279122.400000
2279203.800000
2279334.150000
2279340.200000
2279353.850000
2279525.800000
2279529.850000
2279542.350000
2279551.000000
2279571.400000
2279585.900000
2279848.900000
2279852.950000
2279877.950000
2279894.900000
2279937.650000
2279964.850000
2280043.850000
2280059.000000
2280068.950000
2280127.250000
2280207.800000
2280214.050000
2280432.800000
2280671.400000
2280677.150000
2280817.800000
2280822.200000
2280826.700000
2280832.600000
2281074.150000
2281101.450000
2281110.550000
2281126.100000
2281143.750000
2281180.050000
2281224.750000
2281241.200000
2281444.300000
2281474.050000
2281554.700000
2281629.450000
2281662.500000
2281730.600000
2282109.400000
2282120.950000
2282150.100000
2282156.600000
2282172.150000
2282205.950000
2282223.650000
2282323.250000
2282337.200000
2282408.400000
2282420.450000
2282563.800000
2282589.300000
2282594.600000
2283108.150000
2283202.600000
2283267.450000
2283308.850000
2283323.700000
2283412.000000
2283641.050000
2283645.000000
2283696.900000
2284280.050000
2284337.050000
2284346.000000
2284358.500000
2284370.250000
2284409.750000
2284428.150000
2284455.950000
2284513.450000
2284529.150000
2284624.400000
2284689.550000
2284703.050000
2284724.650000
2284761.150000
2284783.400000
2284800.850000
2284809.600000
2284818.350000
2284841.200000
2285137.850000
2285233.500000
2285240.550000
2285818.200000
2285825.350000
2285835.450000
2285845.850000
2285935.700000
2285946.450000
2285996.300000
2286008.450000
2286119.400000
2286417.750000
2286422.900000
2286432.650000
2286806.450000
2286816.700000
2287090.650000
2287095.300000
2287103.650000
2287124.800000
2287139.550000
2287170.700000
2287279.350000
2287297.400000
2287326.900000
2287372.850000
2287407.700000
2287414.150000
2287443.900000
2287509.150000
2287550.050000
2287579.600000
2287642.150000
2287669.600000
2287765.500000
2287771.800000
2287778.700000
2287823.800000
2287879.300000
2287953.650000
2287971.350000
2288199.500000
2288209.050000
2288499.100000
2288518.600000
2288527.650000
2288828.250000
2288844.650000
2288896.350000
2288953.000000
2289141.550000
2289151.750000
2289994.800000
2290025.150000
2290082.300000
2290095.300000
2290125.350000
2290130.600000
2290141.450000
2290173.050000
2290181.200000
2290352.950000
2290356.250000
2290371.500000
2290397.050000
2290425.700000
2290437.050000
2290519.550000
2290538.000000
2290647.200000
2290706.450000
2290713.650000
2290723.850000
2290854.900000
2290867.200000
2290882.850000
2291172.950000
2291283.450000
2291703.250000
2291711.150000
2291987.450000
2291988.500000
2292033.600000
2292038.350000
2292089.150000
2292096.750000
2292255.100000
2292262.300000
2292277.600000
2292306.250000
2292327.550000
2292461.950000
2292467.750000
2292725.450000
2292734.000000
2292739.200000
2292843.950000
2292848.450000
2293005.500000
2293107.000000
2293155.200000
2293165.900000
2293435.050000
2293483.700000
2293494.050000
2293951.250000
2294399.750000
2294405.900000
2294430.300000
2294436.250000
2294449.200000
2294465.100000
2294474.750000
2294827.000000
2294838.700000
2294874.000000
2294883.150000
2294976.950000
2294985.550000
2295063.300000
2295095.200000
2295099.600000
2295104.650000
2295117.000000
2295139.450000
2295248.950000
2295537.250000
2295561.750000
2295618.200000
2295689.850000
2295822.750000
2295827.950000
2295841.450000
2295850.150000
2295904.550000
2295908.500000
2295949.300000
2295983.000000
2296004.250000
2296021.850000
2296031.000000
2296124.900000
2296201.800000
2296241.300000
2296269.350000
2296289.050000
2296304.000000
2296309.250000
2296334.500000
2296451.350000
2296512.900000
2296527.050000
2296556.700000
2296618.950000
2296623.350000
2296648.800000
2296804.000000
2296905.300000
2296984.950000
2297184.500000
2297256.250000
2297392.500000
2297398.200000
2297757.350000
2297764.850000
2297794.500000
2297811.150000
2297827.750000
2298041.500000
2298367.350000
2298392.750000
2298400.050000
2298431.300000
2298446.900000
2298534.950000
2298571.750000
2298657.500000
2298670.050000
2298807.700000
2298828.600000
2298892.400000
2298902.850000
2298947.250000
2298966.050000
2298989.700000
2299325.000000
2299365.250000
2299415.750000
2299742.750000
2299756.500000
2300012.400000
2300016.550000
2300144.600000
2300316.300000
2300330.550000
2300470.400000
2300586.400000
2300891.800000
2300896.650000
2301048.200000
2301056.450000
2301087.850000
2301107.950000
2301118.200000
2301149.100000
2301168.100000
2301285.100000
2301293.800000
2301930.600000
2301953.000000
2301963.650000
2301983.900000
2302205.250000
2302210.000000
2302221.850000
2302522.350000
2302525.700000
2303050.250000
2303063.150000
2303083.450000
2303223.400000
2303255.700000
2303265.500000
2303429.400000
2303440.400000
2303446.050000
2303865.850000
2303938.300000
2304054.400000
2304058.350000
2304096.000000
2304309.150000
2304313.800000
2304321.750000
2304389.900000
2304410.050000
2304423.700000
2304432.150000
2304456.750000
2304469.150000
2304692.500000
2304702.700000
2304732.400000
2304838.300000
2304891.700000
2304979.150000
2304993.600000
2304998.550000
2305566.850000
2305572.050000
2305578.950000
2305639.550000
2306005.100000
2306023.350000
2306059.000000
2306434.700000
2306438.100000
2306471.350000
2306836.700000
2306882.250000
2307074.100000
2307181.750000
2307188.800000
2307607.150000
2307621.350000
2307636.850000
2307710.550000
2307730.800000
2307749.350000
2307875.300000
2307879.650000
2307984.500000
2308366.000000
2308378.550000
2308384.650000
2309489.750000
2309497.250000
2309506.750000
2309518.750000
2309647.550000
2309655.350000
2309812.000000
2310234.500000
2310551.850000
2310655.650000
2310684.450000
2310761.100000
2310838.600000
2310929.950000
2310933.750000
2310964.650000
2310972.900000
2311067.250000
2311075.800000
2311096.450000
2311115.800000
2311132.850000
2311153.900000
2311166.500000
2311174.800000
2311193.400000
2311206.550000
2311277.700000
2311512.050000
2311664.200000
2311722.200000
2311888.000000
2312585.200000
2312588.700000
2313011.850000
2313176.350000
2313193.900000
2313248.750000
2313253.700000
2313265.850000
2313274.800000
2313329.300000
2313334.050000
2313361.550000
2313415.300000
2313425.400000
2313663.500000
2313734.650000
2313739.900000
2313758.150000
2314289.100000
2314295.100000
2314510.700000
2314519.900000
2314725.850000
2314730.250000
2314864.500000
2315475.850000
2315511.600000
2315571.550000
2315575.300000
2315596.300000
2315738.050000
2316223.250000
2316229.100000
2316237.000000
2316252.050000
2316278.150000
2316591.150000
2316597.150000
2316630.050000
2316703.050000
2316711.050000
2316792.750000
2316796.400000
2316883.450000
2317072.000000
2317077.200000
2317183.150000
2317513.000000
2317517.300000
2317870.100000
2317907.900000
2319009.950000
2319133.350000
2319147.900000
2319414.400000
2319418.300000
2319548.350000
2320019.900000
2320118.550000
2320123.850000
2320347.050000
2320561.800000
2320906.700000
2320962.750000
2320968.600000
2320988.400000
2320997.300000
2321007.950000
2321095.250000
2321108.350000
2321208.300000
2321215.150000
2321347.000000
2321390.850000
2321504.350000
2321523.850000
2321856.350000
2321867.850000
2322158.300000
2322262.400000
2322275.250000
2323125.300000
2323131.750000
2323614.200000
2323656.050000
2323732.500000
2323739.400000
2323773.100000
2323808.400000
2323813.750000
2323844.150000
2323943.600000
2324098.000000
2324696.950000
2324705.900000
2324712.200000
2324820.500000
2325207.250000
2325356.500000
2325360.750000
2325643.150000
2326022.950000
2326046.850000
2326149.700000
2326196.950000
2326201.350000
2326211.550000
2326302.950000
2326482.900000
2326721.850000
2326738.650000
2326833.700000
2326875.450000
2327009.100000
2327018.250000
2327203.300000
2327309.750000
2327315.200000
2327322.400000
2327333.000000
2327338.750000
2327553.450000
2328086.650000
2328095.400000
2328111.650000
2328694.600000
2328701.400000
2329345.000000
2329353.050000
2329361.300000
2329445.700000
2329498.500000
2329987.400000
2330005.500000
2330332.100000
2330609.850000
2330848.050000
2331185.050000
2331189.200000
2331208.150000
2331522.400000
2331557.300000
2331566.550000
2331688.850000
2331694.800000
2331751.050000
2331758.200000
2331778.700000
2333079.250000
2333105.050000
2333312.000000
2333326.550000
2334560.200000
2334571.450000
2334595.300000
2334614.000000
2336072.850000
2336651.100000
2336735.450000
2336798.350000
2336832.200000
2336837.350000
2336973.900000
2336979.950000
2337468.700000
2337644.150000
2337734.950000
2337845.950000
2337852.900000
2337987.050000
2337995.250000
2338100.650000
2338110.350000
2338190.550000
2338275.150000
2338564.450000
2338802.750000
2339028.500000
2339458.550000
2339547.600000
2339552.300000
2339656.800000
2339661.050000
2339672.400000
2339784.450000
2341243.800000
2342382.250000
2342394.550000
2342943.300000
2342948.950000
2343169.600000
2343180.350000
2343741.450000
2344135.050000
2344186.100000
2344628.650000
2344633.450000
2344644.050000
2344734.050000
2345000.550000
2345893.400000
2346211.700000
2346245.300000
2346250.450000
2346296.400000
2346327.000000
2346846.050000
2346858.150000
2347069.200000
2347989.750000
2348481.900000
2348691.800000
2349051.800000
2349070.300000
2349186.250000
2349195.700000
2349219.500000
2349552.600000
2349669.100000
2349673.750000
2349785.250000
2349789.250000
2349886.400000
2350244.800000
2350249.800000
2350523.100000
2350848.300000
2350858.100000
2350896.750000
2350905.150000
2350926.000000
2350966.400000
2351107.800000
2351111.650000
2351473.650000
2351477.500000
2351508.900000
2351514.500000
2351620.900000
2351869.350000
2351966.400000
2352105.250000
2352158.900000
2352255.150000
2352476.450000
2352716.650000
2352726.250000
2352860.650000
2352864.800000
2353137.750000
2353158.450000
2353274.400000
2353660.800000
2353817.300000
2353827.200000
2353841.550000
2353857.350000
2353943.700000
2354060.200000
2354105.750000
2354116.900000
2354217.350000
2354417.850000
2354424.450000
2354530.650000
2354718.050000
2354922.650000
2354964.550000
2354969.000000
2355396.800000
2355414.300000
2355701.400000
2355711.000000
2355784.950000
2355806.200000
2355949.950000
2355959.050000
2355964.300000
2356180.700000
2356505.750000
2356513.400000
2356688.850000
2356693.350000
2356914.550000
2356995.750000
2357013.500000
2357229.900000
2357302.300000
2357475.600000
2357522.200000
2357527.050000
2357612.100000
2357649.150000
2357789.100000
2357951.300000
2358029.550000
2358033.700000
2358045.550000
2358063.350000
2358073.600000
2358268.350000
2358272.600000
2358282.000000
2358299.100000
2358385.000000
2358587.600000
2358608.150000
2358610.250000
2358619.950000
2358649.300000
2358855.550000
2358882.150000
2358919.450000
2358925.250000
2358956.550000
2358964.200000
2359170.300000
2359177.800000
2359362.300000
2359366.400000
2359608.500000
2359681.400000
2359811.000000
2359830.000000
2359844.450000
2359923.450000
2359928.200000
2360109.750000
2360118.050000
2360359.200000
2360482.050000
2360559.350000
2360572.950000
2360604.500000
2360926.250000
2360937.000000
2360943.850000
2361049.150000
2361585.550000
2361599.200000
2362192.900000
2362468.250000
2362476.650000
2362481.650000
2362643.400000
2362760.650000
2362984.300000
2362994.950000
2363221.500000
2363484.900000
2363611.500000
2363619.000000
2363736.400000
2363748.750000
2363758.250000
2363846.350000
2363855.350000
2363867.050000
2363966.400000
2364024.500000
2364035.300000
2364965.300000
2365366.750000
2365484.350000
2365499.650000
2365515.400000
2365604.750000
2365724.750000
2365743.400000
2365868.050000
2365984.600000
2366101.150000
2366248.300000
2366440.100000
2366451.700000
2367337.450000
2367351.050000
2367627.150000
2367790.500000
2367798.700000
2367942.650000
2367948.300000
2367995.750000
2367999.600000
2368072.000000
2368187.250000
2368208.750000
2368867.550000
2368996.450000
2369003.600000
2369012.000000
2369314.950000
2369318.900000
2369325.150000
2370168.900000
2370273.300000
2370279.150000
2370628.700000
2370662.150000
2370678.700000
2371058.700000
2371062.900000
2371073.450000
2371186.300000
2371197.400000
2371218.350000
2371725.800000
2371773.950000
2371792.800000
2372374.750000
2372631.550000
2372910.800000
2372971.400000
2372992.900000
2373046.450000
2373303.500000
2373706.500000
2373754.550000
2373861.050000
2374013.200000
2374074.350000
2374111.150000
2374143.850000
2374398.100000
2374489.700000
2374497.950000
2374615.500000
2374624.500000
2374633.500000
2374638.700000
2374765.400000
2374820.500000
2374876.800000
2374916.050000
2375214.000000
2375432.600000
2375441.550000
2375723.100000
2375730.550000
2376182.950000
2376194.450000
2376467.100000
2376476.900000
2376489.550000
2376609.950000
2376719.500000
2376725.650000
2376854.450000
2376974.250000
2377270.550000
2377946.950000
2377996.950000
2378117.850000
2378184.300000
2378191.700000
2378197.050000
2378236.250000
2378241.600000
2378254.700000
2378290.800000
2378307.500000
2378312.900000
2378400.750000
2378463.650000
2378477.900000
2378488.100000
2378525.850000
2378530.500000
2378631.750000
2378637.050000
2378645.200000
2378810.150000
2378824.350000
2378833.900000
2378866.850000
2378989.900000
2378994.700000
2379024.950000
2379088.500000
2379095.900000
2379114.200000
2379151.600000
2379185.300000
2379297.050000
2379335.800000
2379354.250000
2379385.050000
2379396.600000
2379455.850000
2379494.750000
2379656.900000
2379973.400000
2380007.500000
2380108.050000
2380116.000000
2380121.750000
2380189.450000
2380237.900000
2380335.650000
2380345.650000
2380351.100000
2380455.750000
2380562.150000
2380566.850000
2380586.750000
2380593.700000
2380678.900000
2380709.600000
2380721.950000
2381001.850000
2381047.250000
2381186.450000
2381260.650000
2381285.500000
2381294.600000
2381315.050000
2381390.200000
2381432.400000
2381446.000000
2381535.100000
2381552.950000
2381615.500000
2381625.100000
2381639.800000
2381645.350000
2381655.050000
2381750.750000
2381758.650000
2381862.100000
2382004.750000
2382010.750000
2382093.200000
2382098.150000
2382199.500000
2382207.950000
2382326.750000
2382330.650000
2382428.300000
2382544.400000
2382552.950000
2382564.300000
2382665.100000
2382679.200000
2382806.050000
2382954.400000
2383034.100000
2383058.500000
2383158.500000
2383534.150000
2383542.300000
2383558.700000
2383588.850000
2383633.700000
2383637.950000
2383783.100000
2383791.750000
2383893.850000
2384158.700000
2385553.300000
2385557.650000
2385569.850000
2385771.150000
2385923.150000
2385936.050000
2386140.750000
2386194.750000
2386250.500000
2386385.450000
2386710.550000
2386715.100000
2386752.600000
2386867.300000
2386885.350000
2386956.800000
2386965.800000
2387369.550000
2387397.700000
2387462.050000
2387496.650000
2387705.800000
2388222.850000
2388227.650000
2388496.350000
2388522.100000
2388570.650000
2388574.900000
2389104.400000
2389109.150000
2389178.400000
2389183.550000
2389222.750000
2389313.950000
2389333.450000
2389365.500000
2389435.850000
2389474.050000
2389479.200000
2389501.200000
2389511.900000
2389593.700000
2389960.850000
2390050.400000
2390172.200000
2390182.600000
2390323.600000
2390506.900000
2391010.800000
2391611.250000
2391625.800000
2391811.950000
2391935.200000
2392184.350000
2392223.100000
2392332.500000
2392436.550000
2392442.350000
2392604.400000
2392617.650000
2392664.900000
2392738.700000
2392749.550000
2392904.650000
2393526.900000
2393537.000000
2393789.250000
2393799.750000
2393829.500000
2393843.950000
2393849.000000
2394191.500000
2394399.750000
2394413.200000
2394427.350000
2394506.200000
2394510.350000
2394523.150000
2394601.850000
2394775.900000
2394927.900000
2395606.850000
2395718.650000
2395724.600000
2396033.950000
2396051.700000
2396308.750000
2396399.950000
2396415.450000
2396432.650000
2396512.800000
2396521.200000
2396654.750000
2396773.350000
2397252.350000
2397259.950000
2397323.600000
2397330.400000
2397746.350000
2397854.900000
2398030.400000
2398571.450000
2398576.000000
2398583.600000
2398745.650000
2398751.650000
2398785.350000
2398811.300000
2399031.750000
2399308.500000
2399784.100000
2400029.850000
2400306.300000
2400318.150000
2400500.750000
2400865.100000
2401163.450000
2401306.800000
2401311.300000
2401357.250000
2401552.250000
2401557.400000
2401686.550000
2401692.450000
2401901.250000
2401915.900000
2402011.450000
2402018.700000
2402039.450000
2402066.250000
2402130.650000
2402301.400000
2403275.800000
2403289.450000
2403442.450000
2403757.850000
2404086.100000
2404234.950000
2404244.100000
2404383.300000
2404610.100000
2404737.450000
2404758.800000
2404769.050000
2404779.250000
2404787.050000
2404912.550000
2405069.750000
2405082.050000
2405408.400000
2405839.200000
2406072.500000
2406088.200000
2406236.400000
2406367.250000
2406378.900000
2406504.450000
2406783.200000
2407320.450000
2407329.700000
2407339.900000
2407921.900000
2407927.150000
2408017.900000
2408150.850000
2408306.650000
2408350.450000
2408382.650000
2408410.900000
2408448.900000
2408468.000000
2408484.100000
2408499.850000
2408582.500000
2408630.550000
2408795.200000
2408833.650000
2408875.050000
2408911.450000
2408960.200000
2408966.900000
2409007.500000
2409148.750000
2409154.550000
2409234.200000
2409238.600000
2409323.650000
2409328.300000
2409431.450000
2409437.600000
2409443.950000
2409578.750000
2409587.550000
2409950.100000
2410152.550000
2410162.150000
2410470.050000
2410502.050000
2410560.450000
2410628.300000
2410660.450000
2410674.850000
2410743.050000
2411021.850000
2411113.300000
2411166.000000
2411210.900000
2411218.400000
2411457.300000
2411692.450000
2413347.200000
2413354.150000
2413658.850000
2413794.350000
2413807.550000
2413815.950000
2413835.550000
2413917.450000
2414125.100000
2414173.350000
2414844.050000
2414963.950000
2414980.850000
2414984.200000
2414995.950000
2415634.650000
2415777.750000
2415876.250000
2415922.500000
2415929.300000
2416009.400000
2416341.050000
2416380.750000
2416408.900000
2416419.000000
2416431.350000
2416486.800000
2416864.550000
2416918.950000
2417021.200000
2417052.400000
2417098.250000
2417159.250000
2417497.050000
2417604.750000
2417611.500000
2417646.600000
2417866.950000
2417870.950000
2417878.300000
2418012.400000
2418031.650000
2418206.100000
2418243.800000
2418266.650000
2418678.400000
2418895.100000
2419005.800000
2419083.800000
2419451.050000
2419906.400000
2419915.450000
2420254.200000
2420674.500000
2421684.400000
2421748.650000
2421767.850000
2421781.800000
2422788.600000
2422803.600000
2423258.600000
2423886.700000
2425210.500000
2425655.750000
2425760.800000
2425779.000000
2425784.200000
2427782.800000
2428455.500000
2431292.050000
2435014.200000
2435096.900000
2435101.750000
2438938.000000
2439190.200000
2439631.450000
2439649.850000
2439745.100000
2440732.450000
2440830.850000
2440999.350000
2441118.350000
2441402.950000
2443781.250000
2443796.750000
2444479.450000
2444544.950000
2446477.650000
2446508.300000
2446611.000000
2446668.900000
2446816.300000
2447874.300000
2448035.250000
2448428.050000
2448436.100000
2448575.550000
2448674.300000
2448680.600000
2449818.900000
2450165.500000
2451553.350000
2452896.800000
2452983.950000
2453877.400000
2463752.450000
2470924.050000
2477707.250000
2477717.650000
2479804.050000
2483029.600000
2483048.550000
2484549.050000
2486302.700000
2486812.950000
2487572.050000
2490015.400000
2490026.350000
2490371.000000
2490468.000000
2490605.350000
2490749.850000
2491169.850000
2491192.050000
2491197.850000
2491200.950000
2491428.100000
2491519.600000
2491524.150000
2491798.150000
2492695.800000
2493373.300000
2494394.500000
2494691.900000
2494703.700000
2495306.150000
2495438.600000
2495456.450000
2496456.450000
2496973.050000
2499449.200000
2500326.300000
2500692.200000
2501194.550000
2501277.250000
2507531.350000
2508195.700000
2508259.650000
2508750.800000
2508757.750000
2509620.000000
2510294.650000
2510661.150000
2511885.900000
2511889.700000
2512110.500000
2512147.900000
2512249.850000
2512471.650000
2514450.550000
2521474.350000
2521501.750000
2521519.950000
2521608.050000
2523807.100000
2523812.550000
2524088.200000
2526626.250000
2527108.900000
2527228.400000
2527237.650000
2527243.350000
2527251.250000
2527436.350000
2527449.800000
2527564.400000
2527809.750000
2528654.200000
2528659.450000
2528874.550000
2528922.300000
2528925.950000
2528935.400000
2529850.050000
2529885.900000
2529921.600000
2529976.650000
2529983.700000
2530241.300000
2530454.000000
2530675.500000
2530683.100000
2530889.650000
2530897.650000
2530913.200000
2531131.450000
2532332.950000
2532454.750000
2532459.800000
2532900.350000
2533021.550000
2533128.100000
2533191.800000
2533260.550000
2533264.700000
2533269.600000
2533478.000000
2533512.100000
2533724.500000
2534467.250000
2535006.900000
2535034.750000
2535044.600000
2535123.100000
2535209.850000
2535221.600000
2535238.850000
2535346.950000
2535418.900000
2535491.100000
2535630.550000
2535953.150000
2545104.750000
2545417.150000
2548812.650000
2550174.800000
2551795.350000
2552056.100000
2553979.700000
2557176.700000
2558034.800000
2558115.800000
2561813.550000
2562131.800000
2562827.350000
2562830.800000
2567708.750000
2581979.100000
2582255.350000
2588460.300000
2588595.400000
2592032.700000
2595012.300000
2595317.050000
2597174.150000
2597768.100000
2604005.200000
2604139.800000
2604152.600000
2607505.200000
2607813.150000
2608805.800000
2609750.050000
2612302.800000
2612637.800000
2612870.350000
2613393.200000
2613606.250000
2613641.850000
2616399.050000
2618124.550000
2618132.750000
2627165.800000
2630524.650000
2631783.600000
2632360.150000
2635950.300000
2636328.550000
2638286.500000
2638764.350000
2639755.900000
2652425.200000
2653255.800000
2661783.900000
2670672.000000
2672435.400000
2672477.650000
2672749.500000
2673875.150000
2674505.900000
2680466.850000
2680504.650000
2680549.700000
2686082.650000
2692061.700000
2698791.300000
2700048.350000
2700060.100000
2700112.050000
2702996.500000
2704742.300000
2706610.700000
2706649.900000
2706659.600000
2708580.300000
2709406.700000
2714028.850000
2715595.600000
2719999.550000
2720265.650000
2721888.400000
2725783.600000
2725933.150000
2731053.100000
2732861.900000
2732890.750000
2732943.700000
2732949.450000
2734683.050000
2735796.850000
2742596.500000
2746004.750000
2747818.800000
2747956.050000
2750291.350000
2753546.000000
2753873.900000
2754280.750000
2756904.850000
2767444.550000
2767486.850000
2767732.400000
2772381.550000
2775627.300000
2777470.200000
2780978.600000
2787738.750000
2787759.200000
2793523.450000
2796061.050000
2796572.600000
2802276.700000
2802286.250000
2802293.250000
2802309.350000
2802344.300000
2802349.950000
2802357.700000
2802380.900000
2805209.700000
2806891.750000
2808026.000000
2808478.200000
2808953.800000
2808959.500000
2808963.700000
2809687.250000
2809878.850000
2810332.700000
2814159.750000
2816686.800000
2820250.150000
2820263.250000
2820365.450000
2820598.600000
2820805.750000
2820891.850000
2821579.850000
2827148.850000
2827293.100000
2827361.650000
2828818.450000
2832043.950000
2832073.600000
2832158.500000
2832166.000000
2837332.650000
2837365.600000
2840349.000000
2841201.100000
2841259.500000
2841417.200000
2841539.850000
2841558.700000
2844955.350000
2844982.400000
2845914.600000
2847143.250000
2847322.700000
2847328.800000
2847885.750000
2847900.100000
2848474.500000
2848675.550000
2848783.950000
2850146.000000
2850798.200000
2850812.050000
2850933.950000
2850943.800000
2851155.550000
2851167.700000
2851267.400000
2851509.750000
2851552.150000
2851768.550000
2851844.100000
2851850.700000
2851857.450000
2851960.850000
2852111.750000
2852232.350000
2852244.400000
2852370.700000
2852626.450000
2852763.350000
2853017.350000
2853021.550000
2853162.350000
2853261.200000
2853299.550000
2853480.350000
2853489.000000
2853607.050000
2853622.500000
2853777.800000
2853783.150000
2854090.600000
2854274.300000
2854386.150000
2854412.600000
2854636.900000
2854806.600000
2855156.950000
2855276.350000
2855460.050000
2855671.000000
2855856.350000
2855986.050000
2856009.100000
2856450.950000
2856530.100000
2856639.750000
2856717.000000
2856838.950000
2856846.800000
2856854.950000
2856953.500000
2857012.150000
2857101.800000
2857144.650000
2857351.050000
2857361.200000
2857454.650000
2857681.050000
2857723.000000
2857760.400000
2857803.100000
2858184.200000
2858316.900000
2858392.050000
2858535.400000
2858555.950000
2858569.650000
2858783.750000
2858822.300000
2858853.500000
2858867.100000
2859061.000000
2859081.650000
2859204.750000
2859226.150000
2859446.600000
2859526.200000
2859632.600000
2859755.150000
2859991.650000
2860048.950000
2860053.650000
2860618.300000
2862897.700000
2863008.800000
2864247.900000
2864897.050000
2864906.800000
2865538.800000
2865642.500000
2865646.550000
2866719.300000
2871975.850000
2872510.600000
2872707.250000
2872906.050000
2872968.350000
2873551.200000
2874570.850000
2877272.250000
2879883.300000
2885837.100000
2887371.450000
2891999.750000
2895748.800000
2896474.100000
2897651.400000
2898647.100000
2898691.900000
2898697.750000
2899151.500000
2899213.950000
2899247.450000
2899842.800000
2899859.200000
2899910.550000
2900195.300000
2902190.050000
2904806.950000
2908766.100000
2910312.550000
2910363.250000
2910452.150000
2910931.050000
2913389.100000
2915128.650000
2917553.850000
2917899.800000
2918265.300000
2918270.650000
2919280.100000
2920771.200000
2923793.300000
2923960.850000
2923985.950000
2924487.350000
2926769.600000
2927138.150000
2927336.100000
2936258.400000
2936913.200000
2937771.550000
2938080.800000
2941124.550000
2942002.750000
2942892.950000
2944001.700000
2944832.400000
2946215.450000
2948142.000000
2949854.550000
2949892.900000
2949973.050000
2953771.400000
2956016.550000
2956353.600000
2967581.750000
2973523.050000
2975166.900000
2975374.200000
2976743.800000
2978859.050000
2981298.150000
2982500.000000
2984173.550000
2985774.100000
2987645.950000
2990210.450000
2990753.150000
2991778.350000
2995335.950000
2998393.600000
2999868.600000
2999893.500000
3004012.950000
3007187.550000
3008549.450000
3009409.250000
3009485.750000
3010094.100000
3013024.650000
3019497.750000
3020817.150000
3026899.150000
3031477.950000
3034477.350000
3036628.300000
3036844.500000
3044318.050000
3046116.750000
3051293.250000
3051423.150000
3058020.100000
3063431.350000
3072482.800000
3077480.650000
3092912.100000
3100556.450000
3101555.650000
3108941.050000
3113465.200000
3125777.450000
3130483.100000
3137362.800000
3139824.800000
3156616.650000
3164558.600000
3169600.750000
3170376.800000
3171071.050000
3171246.400000
3190504.750000
3190806.550000
3195842.100000
3196250.200000
3197558.250000
3203627.500000
3207719.950000
3207867.050000
3207870.400000
3207873.950000
3207878.100000
3207994.550000
3208016.750000
3208374.850000
3208381.950000
3208387.850000
3208490.250000
3208696.050000
3208701.050000
3208754.000000
3208757.850000
3208764.900000
3208793.650000
3208924.150000
3208935.400000
3208968.600000
3209533.600000
3209541.250000
3209635.350000
3209659.150000
3209666.850000
3209713.000000
3209803.700000
3209808.550000
3209816.150000
3210060.700000
3210071.350000
3210083.400000
3210111.550000
3210629.500000
3210639.500000
3210736.500000
3210746.250000
3215655.300000
3215661.950000
3216021.900000
3216042.350000
3216143.050000
3216565.000000
3216953.850000
3217013.350000
3217381.800000
3217409.800000
3217641.300000
3218271.900000
3221138.700000
3221473.050000
3222736.150000
3222918.500000
3222956.300000
3223338.400000
3223504.650000
3225173.400000
3225415.300000
3228262.350000
3231750.900000
3231965.100000
3233732.850000
3235150.850000
3238322.900000
3245715.500000
3246193.900000
3246204.600000
3247902.350000
3250298.300000
3252714.450000
3253477.500000
3254822.800000
3257406.200000
3259553.150000
3264244.300000
3264471.750000
3276293.100000
3276319.750000
3283326.300000
3285378.400000
3287214.150000
3295373.500000
3319174.200000
3326367.150000
3328282.400000
3328605.950000
3330753.550000
3340756.050000
3341841.200000
3342610.200000
3342615.550000
3342861.050000
3344009.600000
3344013.500000
3344139.000000
3344143.750000
3344229.100000
3344655.750000
3344673.600000
3344761.600000
3344772.250000
3344862.650000
3344891.700000
3345003.150000
3345253.350000
3345561.150000
3345601.900000
3345877.900000
3345887.800000
3346098.700000
3346168.600000
3346213.900000
3346325.050000
3346605.050000
3346775.550000
3346780.450000
3346867.550000
3346977.450000
3347095.150000
3347112.650000
3347212.050000
3347681.850000
3348021.000000
3348403.500000
3348914.100000
3349152.400000
3349623.350000
3352373.350000
3352554.450000
3352568.950000
3352773.200000
3352895.000000
3353181.050000
3353494.750000
3353656.150000
3354191.700000
3354691.300000
3354695.750000
3354715.750000
3354946.000000
3354950.000000
3355113.450000
3355176.900000
3355872.000000
3356703.100000
3357037.300000
3357625.600000
3357859.900000
3357864.750000
3358145.200000
3358149.900000
3359328.200000
3360600.450000
3364488.250000
3366115.250000
3367479.700000
3367684.600000
3368512.500000
3368620.500000
3369921.800000
3370000.150000
3370385.300000
3370628.100000
3374409.100000
3374486.950000
3374489.100000
3378715.750000
3379009.450000
3379042.200000
3381953.900000
3382540.800000
3382552.450000
3382563.000000
3386222.000000
3386624.350000
3392477.350000
3393903.300000
3394327.350000
3396354.450000
3397613.350000
3399514.400000
3404101.750000
3411685.950000
3412371.700000
3415313.300000
3415436.600000
3415464.750000
3415471.250000
3415483.100000
3420971.400000
3422546.550000
3427665.300000
3431247.600000
3431257.350000
3436359.200000
3443873.100000
3445159.500000
3446857.850000
3448142.450000
3451341.450000
3452038.600000
3453010.250000
3453168.950000
3458415.600000
3461444.950000
3465517.700000
3467494.650000
3468221.350000
3469097.900000
3475002.950000
3475022.850000
3479120.450000
3481830.800000
3485257.800000
3485695.250000
3486042.000000
3488724.850000
3490769.450000
3499410.650000
3501352.500000
3501366.000000
3501742.400000
3503015.350000
3510429.600000
3515842.400000
3519303.200000
3530391.800000
3530401.250000
3530512.700000
3532270.250000
3532838.900000
3536875.450000
3537380.650000
3537497.700000
3539968.250000
3545395.950000
3556044.750000
3559149.000000
3560599.050000
3564871.150000
3566063.950000
3566073.100000
3573684.500000
3576995.900000
3578469.500000
3579468.200000
3579880.900000
3588173.100000
3590435.950000
3591274.850000
3594977.650000
3596517.900000
3600162.000000
3605715.650000
3608235.050000
3616015.300000
3629894.300000
3630756.600000
3631050.550000
3643410.400000
3663248.750000
3663906.900000
3667476.550000
3675197.150000
3675209.600000
3675278.450000
3686967.850000
3694879.550000
3698079.600000
3699029.150000
3700077.700000
3700888.600000
3702015.950000
3707259.500000
3719642.650000
3722505.100000
3722883.800000
3723824.400000
3723838.550000
3724388.850000
3731721.250000
3742079.150000
3742177.400000
3747285.450000
3747324.600000
3753061.550000
3757273.050000
3757280.500000
3757301.900000
3763658.050000
3785398.800000
3786303.050000
3787697.300000
3788317.050000
3800680.200000
3806166.650000
3815576.450000
3818363.350000
3819461.650000
3819915.800000
3819943.150000
3820026.700000
3820032.650000
3820410.650000
3820414.900000
3820419.400000
3822226.700000
3822235.550000
3822982.900000
3831451.900000
3831663.050000
3835164.250000
3841000.650000
3841948.650000
3842051.950000
3842529.800000
3842533.900000
3842789.150000
3842898.850000
3842903.850000
3842923.550000
3843198.950000
3843466.400000
3843480.650000
3843517.250000
3843530.750000
3844251.150000
3844285.300000
3844836.250000
3844841.400000
3845271.350000
3845550.000000
3845558.600000
3846210.500000
3846217.500000
3846227.800000
3846265.700000
3846275.500000
3846832.000000
3846950.900000
3847005.350000
3847080.500000
3847084.450000
3847221.800000
3847230.400000
3848163.850000
3848193.500000
3848201.450000
3848296.200000
3848301.650000
3849293.650000
3849298.200000
3849437.150000
3849456.400000
3849936.300000
3850340.450000
3850351.000000
3850782.900000
3851232.550000
3852297.400000
3852307.600000
3852729.600000
3854180.050000
3854806.750000
3855409.150000
3857173.550000
3857177.450000
3857186.750000
3857199.250000
3857204.750000
3857225.800000
3857498.700000
3857532.650000
3858889.300000
3858893.500000
3858901.100000
3859163.750000
3859176.900000
3859182.200000
3860223.000000
3860425.100000
3860430.950000
3860668.550000
3860678.100000
3860683.350000
3860780.200000
3861600.300000
3861614.800000
3862197.500000
3862361.900000
3862366.150000
3862373.600000
3862571.600000
3862591.250000
3862595.650000
3862848.250000
3862932.700000
3863395.500000
3863471.550000
3863593.900000
3863765.650000
3863771.000000
3864084.500000
3864662.150000
3865288.100000
3865292.600000
3865397.950000
3865490.950000
3865971.350000
3866570.850000
3867282.650000
3867290.800000
3867433.150000
3867439.850000
3868466.000000
3868483.800000
3869541.750000
3870226.950000
3870247.200000
3870251.650000
3870264.450000
3870660.200000
3870665.050000
3870675.500000
3870923.450000
3871078.800000
3871375.850000
3871589.150000
3871763.050000
3871950.450000
3871954.150000
3871965.600000
3872003.050000
3872222.700000
3872237.000000
3873522.400000
3873526.250000
3873761.250000
3874115.100000
3874526.750000
3874531.750000
3874567.550000
3874572.750000
3874915.900000
3874925.250000
3874976.500000
3874991.800000
3875292.400000
3875477.700000
3875498.600000
3875710.900000
3876177.500000
3876208.900000
3876735.650000
3876836.850000
3876845.200000
3877245.650000
3877262.050000
3877283.100000
3877287.350000
3877291.900000
3877373.700000
3877377.400000
3879296.650000
3880613.700000
3881145.300000
3881157.900000
3881373.950000
3881380.250000
3881386.800000
3881395.050000
3882121.700000
3882134.950000
3882139.250000
3882185.900000
3882191.800000
3882195.850000
3882255.200000
3882712.650000
3882725.700000
3883181.300000
3883193.100000
3883210.250000
3883217.100000
3883322.100000
3883326.800000
3883381.300000
3883388.850000
3883395.050000
3883416.600000
3883815.300000
3883825.850000
3883833.450000
3884371.400000
3884375.450000
3884388.200000
3884482.600000
3884513.900000
3884519.400000
3884525.650000
3884805.000000
3885311.750000
3885326.100000
3885914.700000
3885923.000000
3886083.300000
3886109.400000
3886224.000000
3886445.100000
3886464.350000
3886557.250000
3886587.150000
3886591.850000
3886599.000000
3886905.950000
3886911.550000
3887446.700000
3887640.900000
3888244.950000
3888465.350000
3888608.750000
3888612.950000
3888632.200000
3888649.500000
3888660.150000
3888851.750000
3888872.200000
3888905.450000
3888909.050000
3889094.250000
3889276.650000
3889358.350000
3889361.850000
3889516.300000
3889589.150000
3889781.300000
3890085.000000
3890260.550000
3890351.750000
3890682.250000
3890820.250000
3890859.050000
3891098.350000
3891110.550000
3891208.450000
3891220.350000
3891612.450000
3891618.450000
3891624.050000
3891637.750000
3891686.200000
3891931.900000
3892531.250000
3892532.150000
3892535.450000
3892562.550000
3892979.650000
3893146.700000
3893196.650000
3893776.200000
3893780.250000
3893787.200000
3893938.000000
3893951.800000
3894008.500000
3894028.150000
3894792.300000
3894811.950000
3895405.700000
3895835.600000
3895902.550000
3895908.200000
3896073.550000
3896140.450000
3896230.050000
3896233.500000
3896237.800000
3896242.250000
3896364.750000
3896372.250000
3896388.000000
3896517.550000
3898079.000000
3898088.950000
3898470.850000
3898477.200000
3898511.750000
3898539.700000
3898615.150000
3898656.300000
3898717.650000
3898752.850000
3898805.750000
3899200.550000
3899212.650000
3899327.750000
3899406.550000
3899435.550000
3899543.350000
3899683.350000
3899738.400000
3899912.450000
3900366.300000
3900590.250000
3900599.300000
3901153.350000
3901221.450000
3901308.400000
3901316.150000
3901457.050000
3901461.700000
3901598.850000
3901636.000000
3901831.650000
3901958.400000
3902006.600000
3902914.400000
3902950.750000
3902994.850000
3903001.900000
3903226.600000
3903233.550000
3903502.300000
3903750.650000
3903800.650000
3903806.550000
3903813.050000
3905393.100000
3907754.300000
3911010.200000
3911245.750000
3914068.200000
3918775.700000
3921407.750000
3924825.550000
3932112.150000
3932500.450000
3938826.750000
3946990.100000
3963235.050000
3969608.150000
3969637.800000
3994203.250000
3994954.450000
3997106.950000
4002347.050000
4013851.400000
4029638.650000
4031832.700000
4033445.100000
4039226.350000
4053401.300000
4053405.750000
4054250.200000
4055237.800000
4057283.700000
4057602.900000
4057609.150000
4058564.150000
4059160.750000
4061099.200000
4063811.650000
4063827.450000
4063964.050000
4063969.450000
4064022.100000
4064028.150000
4064057.400000
4066487.300000
4066919.200000
4066935.000000
4066943.600000
4067021.250000
4067042.950000
4067143.900000
4067375.250000
4067396.250000
4067728.700000
4067860.900000
4067865.550000
4068299.650000
4068304.250000
4068833.050000
4068838.850000
4068847.100000
4068961.050000
4069068.400000
4069081.450000
4069297.700000
4069311.600000
4069522.100000
4069529.900000
4069747.600000
4069863.700000
4070271.900000
4070422.900000
4071121.000000
4071332.600000
4072317.200000
4072688.600000
4072765.200000
4072866.700000
4072876.450000
4072888.700000
4072902.350000
4072932.050000
4072938.050000
4073166.050000
4073172.100000
4073600.400000
4074026.600000
4074282.000000
4074286.650000
4074849.000000
4075026.600000
4075157.650000
4075168.500000
4075769.800000
4076857.200000
4076862.100000
4076900.650000
4077023.350000
4077203.150000
4077291.150000
4077306.200000
4077311.950000
4077404.350000
4077424.100000
4077550.600000
4077679.450000
4077812.450000
4077815.800000
4077820.150000
4078039.500000
4078366.100000
4078498.150000
4078527.050000
4078532.250000
4078614.300000
4078744.000000
4078751.550000
4079019.550000
4079121.800000
4079309.650000
4079334.150000
4079346.200000
4079439.050000
4079473.200000
4079513.100000
4079583.100000
4079678.300000
4079765.700000
4079769.750000
4079775.000000
4079903.600000
4079957.000000
4080134.100000
4080351.750000
4080439.750000
4080464.950000
4080575.950000
4080587.900000
4080751.150000
4080776.850000
4081001.100000
4081062.600000
4081239.700000
4081339.850000
4082041.400000
4082239.050000
4082243.250000
4082250.350000
4082311.150000
4082529.400000
4083179.750000
4083660.250000
4083972.200000
4084805.950000
4084830.450000
4084972.750000
4085103.150000
4085120.350000
4085126.850000
4085136.400000
4085259.600000
4085279.100000
4085378.350000
4085393.600000
4085404.050000
4085503.200000
4085517.200000
4085662.100000
4085694.300000
4085820.450000
4085970.100000
4085974.100000
4086021.450000
4086360.500000
4086763.100000
4086884.700000
4086971.050000
4087121.400000
4087491.000000
4087609.750000
4087615.550000
4087925.750000
4087939.900000
4087944.150000
4089384.650000
4089749.200000
4089894.050000
4090075.400000
4090079.100000
4090084.800000
4090108.150000
4090153.650000
4090163.100000
4090169.900000
4090181.700000
4090208.900000
4090226.950000
4090445.100000
4090585.000000
4090600.900000
4090606.950000
4090629.000000
4090655.100000
4090672.600000
4090716.150000
4090993.600000
4091039.450000
4091169.700000
4091181.650000
4091192.150000
4091786.300000
4091983.100000
4091998.750000
4092164.800000
4092414.000000
4092550.150000
4092757.450000
4093128.950000
4093522.200000
4093557.050000
4094339.200000
4094403.300000
4094408.450000
4094734.750000
4095419.150000
4095446.600000
4095455.300000
4095468.200000
4095684.500000
4095962.950000
4097162.900000
4098900.250000
4098906.500000
4098946.100000
4099137.500000
4099141.800000
4099711.250000
4099717.250000
4100684.500000
4100691.200000
4100930.700000
4100934.650000
4101314.250000
4102430.350000
4102436.700000
4103101.100000
4103134.500000
4103232.050000
4103863.650000
4103875.950000
4104495.600000
4104512.400000
4106250.300000
4106259.050000
4106528.400000
4106639.950000
4106660.700000
4106668.700000
4106744.850000
4106761.300000
4106795.400000
4106807.500000
4107002.900000
4107424.550000
4107429.550000
4107554.500000
4108515.650000
4108734.400000
4108739.350000
4108778.600000
4108977.700000
4109646.150000
4109654.450000
4110400.700000
4110732.750000
4110747.350000
4110847.450000
4111074.350000
4111083.250000
4111091.700000
4111301.200000
4112283.250000
4113265.150000
4113269.900000
4113284.250000
4113299.650000
4114245.100000
4114251.750000
4114258.600000
4114382.050000
4114386.100000
4114436.950000
4114441.150000
4114457.500000
4115083.550000
4115389.800000
4115417.500000
4115602.150000
4115610.400000
4115717.950000
4116042.900000
4116116.100000
4116128.150000
4118092.750000
4118097.100000
4118464.600000
4118588.450000
4118706.000000
4118850.900000
4118930.500000
4118934.850000
4118938.650000
4119070.750000
4119073.900000
4119371.650000
4119381.050000
4119473.000000
4119478.350000
4119610.300000
4119631.250000
4119672.600000
4119845.300000
4119986.550000
4120270.800000
4120283.500000
4120306.500000
4120346.000000
4120351.250000
4120371.600000
4120384.650000
4120563.000000
4120626.300000
4120632.150000
4120666.750000
4120851.450000
4120861.100000
4120870.400000
4120878.300000
4120996.600000
4121023.350000
4121031.900000
4121070.700000
4121199.300000
4121390.250000
4121524.950000
4121645.200000
4121654.100000
4121886.900000
4121891.750000
4121898.500000
4122038.450000
4122048.900000
4122187.550000
4122191.850000
4122198.650000
4122207.050000
4122303.950000
4122308.650000
4122776.450000
4122784.700000
4122867.850000
4122872.550000
4122879.500000
4122907.650000
4122914.750000
4123002.300000
4123040.400000
4123142.950000
4123174.200000
4123304.950000
4123308.950000
4123323.600000
4123445.750000
4123466.250000
4123545.600000
4123549.300000
4123554.100000
4123653.800000
4123667.450000
4123687.500000
4123694.300000
4123938.550000
4124097.300000
4124678.700000
4124710.600000
4124729.550000
4124753.950000
4124763.600000
4124789.200000
4124870.350000
4124969.800000
4125346.150000
4125351.350000
4125360.200000
4125464.250000
4130889.500000
4131098.550000
4131102.750000
4131453.650000
4131476.750000
4132266.900000
4132295.400000
4132305.450000
4132628.900000
4132664.250000
4132731.800000
4133979.050000
4133990.450000
4135216.050000
4135228.550000
4135375.750000
4137567.700000
4137573.500000
4140844.400000
4144260.150000
4146718.550000
4147052.200000
4147084.150000
4147363.100000
4149283.050000
4149516.900000
4149654.650000
4149866.950000
4150245.900000
4150352.550000
4150378.400000
4150600.000000
4150947.450000
4151058.950000
4151166.000000
4151395.400000
4151811.700000
4151828.100000
4152328.300000
4152594.800000
4152723.600000
4153027.300000
4153671.750000
4153709.550000
4153821.900000
4154065.300000
4154095.800000
4154183.700000
4154259.500000
4154265.550000
4154781.100000
4155143.600000
4155356.250000
4155575.950000
4155653.600000
4155803.950000
4155888.750000
4155895.050000
4156202.700000
4156275.800000
4156324.200000
4156470.800000
4156482.600000
4157939.650000
4158531.000000
4158706.250000
4158742.000000
4159625.550000
4160075.600000
4160293.150000
4160400.500000
4160665.150000
4160880.250000
4160900.050000
4161117.200000
4161225.100000
4161232.650000
4161641.850000
4161647.650000
4161835.700000
4162137.000000
4162263.850000
4163208.100000
4163739.700000
4164873.650000
4164878.000000
4164917.500000
4164930.200000
4165136.750000
4165323.450000
4165481.450000
4165973.950000
4166123.550000
4166167.650000
4166178.100000
4166297.600000
4166305.150000
4167831.350000
4167898.800000
4168298.050000
4168757.750000
4168797.750000
4169465.450000
4169486.300000
4170174.650000
4170664.550000
4170670.250000
4170808.800000
4170812.950000
4171339.800000
4172237.500000
4172371.900000
4172675.450000
4173507.350000
4174136.700000
4174833.400000
4175058.700000
4175423.200000
4176549.350000
4176635.800000
4176706.500000
4177070.750000
4177209.300000
4177453.550000
4177708.500000
4177726.350000
4177732.100000
4177990.050000
4177994.450000
4178006.300000
4178235.050000
4178675.650000
4178692.000000
4178782.550000
4178901.450000
4178912.200000
4179377.750000
4179383.650000
4180009.900000
4180773.150000
4180919.450000
4181212.500000
4181287.400000
4181738.750000
4181752.500000
4183535.400000
4183574.300000
4183660.350000
4183853.100000
4184214.250000
4184219.550000
4184410.700000
4184456.900000
4184461.000000
4184665.200000
4184803.000000
4184922.100000
4184951.400000
4185006.550000
4185269.700000
4199933.950000
4203326.250000
4203431.850000
4206907.750000
4212040.100000
4212044.850000
4212732.350000
4216631.450000
4217760.150000
4218090.350000
4227008.900000
4238966.150000
4242526.900000
4246982.700000
4247233.450000
4247247.300000
4247253.650000
4248876.150000
4251391.700000
4251973.950000
4251982.450000
4251992.150000
4253234.100000
4253239.600000
4253578.400000
4253584.850000
4253744.200000
4255603.700000
4255664.800000
4255670.150000
4255679.550000
4255694.250000
4255830.400000
4255834.250000
4255915.150000
4255934.000000
4256024.300000
4256176.500000
4256211.550000
4256469.900000
4256641.550000
4256674.000000
4256957.650000
4258242.800000
4258386.050000
4258781.850000
4259359.100000
4259708.300000
4259965.500000
4261088.500000
4261191.850000
4261200.050000
4261324.800000
4261437.100000
4261440.800000
4261529.250000
4261538.550000
4261557.150000
4261589.350000
4261611.100000
4261842.250000
4262029.500000
4262115.950000
4262491.400000
4262842.550000
4262869.150000
4263556.100000
4264433.650000
4264518.350000
4264739.550000
4264744.150000
4265303.400000
4265308.800000
4265412.900000
4265428.950000
4265555.600000
4265562.250000
4265576.100000
4265681.400000
4265805.050000
4265928.950000
4265933.800000
4266013.550000
4266017.650000
4266026.550000
4266054.750000
4266143.000000
4266159.250000
4266351.800000
4266486.350000
4266496.150000
4266709.750000
4266719.150000
4267229.750000
4267240.950000
4267376.850000
4267392.950000
4267415.350000
4267420.250000
4267634.300000
4268024.750000
4268199.350000
4268219.050000
4268236.750000
4268513.600000
4268543.650000
4268557.300000
4268567.450000
4268814.900000
4268819.450000
4269041.300000
4269172.850000
4269186.900000
4269374.900000
4269532.700000
4269569.550000
4269607.650000
4269650.600000
4269773.100000
4269789.550000
4270149.600000
4270155.000000
4270370.900000
4270383.150000
4270391.650000
4270685.600000
4270904.650000
4295721.350000
4299915.500000
4301479.800000
4303402.650000
4303414.550000
4303529.600000
4303561.650000
4303580.250000
4303783.350000
4303856.600000
4303978.100000
4304022.000000
4304055.500000
4304067.600000
4304557.550000
4304952.500000
4305217.000000
4305249.000000
4305351.550000
4305469.900000
4305475.450000
4306012.400000
4306136.200000
4306712.700000
4307892.950000
4308477.150000
4308764.350000
4308919.800000
4309033.850000
4309271.350000
4309541.500000
4309951.500000
4309956.800000
4309980.500000
4309996.100000
4310865.900000
4310944.100000
4312470.250000
4312608.550000
4312628.500000
4312640.300000
4312661.500000
4315090.750000
4322221.350000
4326424.500000
4331104.600000
4341714.550000
4342034.300000
4351582.100000
4352869.100000
4353454.900000
4353463.800000
4353468.300000
4353471.800000
4353577.150000
4353805.650000
4354067.750000
4354072.800000
4354289.550000
4354564.650000
4354568.700000
4354575.200000
4354815.350000
4354824.150000
4354831.000000
4354919.750000
4355156.650000
4355448.050000
4361111.200000
4361608.700000
4361720.350000
4361733.500000
4362072.900000
4362560.750000
4362570.950000
4363019.950000
4363086.450000
4363141.050000
4363148.100000
4363479.150000
4363487.650000
4363556.350000
4363698.300000
4363834.350000
4364027.450000
4364183.450000
4364246.000000
4364252.700000
4364280.000000
4364419.500000
4364428.400000
4364512.300000
4364538.700000
4364626.350000
4364650.350000
4364978.700000
4365123.000000
4365186.350000
4365547.150000
4365792.550000
4366406.650000
4366486.850000
4366515.800000
4366542.950000
4366624.600000
4372520.000000
4372525.650000
4396728.850000
4402148.800000
4421307.750000
4427539.300000
4430424.750000
4430513.300000
4432636.800000
4435648.900000
4435653.550000
4435657.850000
4435992.650000
4447536.950000
4448077.050000
4453591.800000
4454430.350000
4454775.100000
4475234.250000
4483013.550000
4483016.800000
4483120.700000
4484194.350000
4485359.500000
4485373.150000
4485576.900000
4485590.500000
4488775.450000
4488795.350000
4488878.250000
4488899.750000
4488997.500000
4491302.850000
4500146.900000
4500187.600000
4504357.200000
4511714.200000
4517160.200000
4517603.650000
4517613.850000
4517625.850000
4519476.350000
4520825.700000
4525408.850000
4525741.650000
4525884.800000
4528042.950000
4528282.000000
4528286.300000
4528392.050000
4528398.950000
4528426.700000
4528502.650000
4528741.050000
4528746.150000
4528931.850000
4529007.650000
4529142.650000
4529147.650000
4529209.950000
4529219.850000
4529238.350000
4529306.250000
4529351.950000
4529517.650000
4529521.700000
4529555.750000
4529621.750000
4529650.100000
4529689.750000
4529743.750000
4529851.200000
4529860.300000
4530115.650000
4530129.700000
4530349.300000
4530712.100000
4531034.300000
4531386.700000
4531698.050000
4531830.000000
4531876.500000
4531909.500000
4531949.450000
4531965.050000
4532031.950000
4532305.100000
4532406.450000
4532417.200000
4532524.650000
4532717.050000
4532722.950000
4532736.550000
4532977.450000
4532997.450000
4533088.200000
4533091.650000
4533114.500000
4533849.400000
4534076.200000
4534320.750000
4534361.750000
4534367.450000
4534548.200000
4534556.550000
4534674.050000
4534772.400000
4534775.950000
4534857.550000
4534877.600000
4541662.200000
4541686.700000
4549241.050000
4555698.600000
4556350.250000
4556363.950000
4556373.750000
4561311.800000
4564104.450000
4565657.750000
4576690.200000
4579144.100000
4585231.450000
4597377.100000
4598116.350000
4600509.850000
4600686.550000
4606021.150000
4610325.950000
4637524.800000
4638582.300000
4638587.800000
4642855.100000
4647341.250000
4659658.950000
4661544.900000
4664501.450000
4668185.250000
4668209.200000
4672828.750000
4678022.100000
4680380.200000
4681653.200000
4684058.650000
4684064.200000
4684067.150000
4717616.600000
4722035.700000
4722049.750000
4722105.150000
4726849.300000
4726855.300000
4727525.200000
4727557.950000
4728597.500000
4744427.000000
4751569.800000
4751584.750000
4751589.300000
4757135.200000
4759057.700000
4759100.700000
4759101.600000
4759118.350000
4759138.650000
4761033.150000
4761452.450000
4764402.550000
4764405.700000
4764413.450000
4764431.550000
4768198.350000
4772397.100000
4773382.050000
4773392.850000
4773398.150000
4773642.750000
4773650.650000
4774065.600000
4774171.900000
4774175.850000
4774190.000000
4774809.400000
4774815.150000
4774842.000000
4774845.500000
4774849.450000
4774853.700000
4775052.750000
4775168.900000
4775177.700000
4775184.850000
4775292.850000
4775454.900000
4775572.100000
4775575.450000
4775585.300000
4775667.350000
4775747.850000
4775761.700000
4775862.050000
4775883.600000
4775912.350000
4775933.050000
4776022.200000
4776945.700000
4777146.250000
4780795.950000
4780967.500000
4781008.000000
4781053.600000
4781069.600000
4781205.700000
4782941.500000
4783785.500000
4794507.050000
4798956.100000
4800227.500000
4817987.950000
4823517.050000
4831487.300000
4833943.950000
4835888.150000
4836032.250000
4836036.500000
4836040.800000
4836063.400000
4836154.400000
4836159.800000
4836180.600000
4836295.800000
4836312.150000
4836545.150000
4836910.900000
4836928.300000
4836932.450000
4836936.400000
4837180.150000
4837376.650000
4838690.700000
4838804.450000
4838811.850000
4838821.350000
4838926.050000
4838985.650000
4838990.800000
4839004.300000
4839258.200000
4839264.600000
4839270.800000
4839636.050000
4840068.750000
4840085.650000
4840091.250000
4840099.150000
4840102.700000
4844210.050000
4844310.500000
4848389.550000
4851083.950000
4851090.900000
4860103.650000
4860116.450000
4860223.750000
4860227.850000
4867605.000000
4867620.400000
4869715.900000
4869717.450000
4869729.050000
4869762.150000
4870463.900000
4870475.800000
4870496.200000
4870501.600000
4872322.650000
4872358.400000
4872399.250000
4872409.650000
4872428.350000
4884600.150000
4886778.800000
4886784.100000
4906048.000000
4920751.050000
4923631.750000
4928244.600000
4930337.450000
4930651.550000
4930688.500000
4931115.800000
4931125.350000
4932079.200000
4932264.750000
4932270.250000
4932476.100000
4932484.700000
4932494.750000
4932512.550000
4932654.950000
4932665.100000
4932763.450000
4932766.600000
4933220.500000
4933260.300000
4937038.400000
4938141.250000
4963890.900000
4963932.950000
4963958.650000
4982884.250000
4983415.500000
4985975.150000
4989950.450000
4992425.850000
4996858.200000
4996955.100000
4996963.350000
4997389.800000
4998336.000000
4998692.050000
4998715.300000
4998828.150000
4998948.050000
4998956.500000
4999381.550000
4999531.550000
5000164.750000
5000258.700000
5000586.650000
5004411.350000
5005335.550000
5005341.750000
5005596.200000
5006170.450000
5006242.600000
5006855.100000
5006966.800000
5007118.950000
5009880.400000
5009885.450000
5017139.100000
5017143.450000
5018222.950000
5036809.500000
5036820.750000
5038816.250000
5044746.300000
5044751.400000
5045913.400000
5049880.100000
5056225.700000
5071231.950000
5071238.400000
5072593.850000
5079271.700000
5083356.900000
5083468.200000
5083472.200000
5083622.600000
5083784.850000
5107720.500000
5108424.400000
5114168.500000
5117379.850000
5117389.850000
5118790.700000
5122088.400000
5122093.950000
5130377.250000
5131496.050000
5132455.800000
5132472.900000
5133245.800000
5135489.550000
5138523.650000
5138529.700000
5159993.150000
5160004.150000
5160022.200000
5160026.400000
5160033.500000
5161819.400000
5180685.850000
5184110.650000
5191481.250000
5196354.650000
5196358.700000
5196363.750000
5196367.950000
5197178.350000
5198158.250000
5213790.850000
5221677.700000
5235537.250000
5239694.500000
5239703.200000
5246313.550000
5246459.800000
5246474.200000
5246488.950000
5246494.450000
5248858.800000
5248863.200000
5248868.500000
5251929.150000
5253428.100000
5253440.850000
5253463.350000
5253564.450000
5254169.700000
5254311.150000
5254321.600000
5261078.800000
5280239.500000
5280261.750000
5284655.600000
5284660.200000
5284674.200000
5289045.700000
5290528.550000
5301574.050000
5301907.700000
5314453.950000
5322613.450000
5329326.950000
5332610.550000
5344565.050000
5345124.050000
5345624.350000
5346340.400000
5346345.300000
5348504.950000
5348554.200000
5354176.750000
5354762.900000
5358851.750000
5358858.900000
5358869.200000
5362862.800000
5369626.150000
5370658.100000
5372582.900000
5373239.950000
5374461.200000
5379100.050000
5386125.300000
5386130.400000
5386672.550000
5387924.600000
5389430.350000
5389435.200000
5389632.500000
5389636.850000
5392606.900000
5392615.350000
5392785.850000
5392853.200000
5392884.700000
5392899.700000
5393514.200000
5393518.500000
5402998.250000
5415459.000000
5415470.400000
5431796.100000
5438791.500000
5447761.050000
