64.700000
176.650000
1479.950000
1493.850000
1600.250000
2203.600000
3527.450000
3947.750000
9818.100000
9936.450000
12170.150000
12318.600000
13141.650000
13167.950000
13170.750000
13431.450000
16331.600000
16434.000000
17214.200000
17413.350000
17752.000000
17833.700000
18356.100000
18849.200000
18980.900000
25378.800000
25425.350000
25444.350000
26628.050000
26831.550000
27493.550000
27499.550000
27767.100000
27777.500000
28037.800000
28434.350000
28970.300000
28981.500000
29094.000000
29220.050000
29312.250000
29609.950000
33197.800000
33207.100000
33815.700000
33924.800000
33946.050000
34117.900000
34131.150000
34616.500000
34848.050000
34886.300000
34893.700000
35018.850000
35028.900000
35290.000000
35384.900000
35497.250000
35524.950000
35935.350000
36767.550000
36818.650000
36990.650000
37128.350000
37226.250000
37385.300000
38362.900000
38748.600000
39325.400000
40275.050000
40293.150000
40926.550000
41177.100000
41403.700000
41632.550000
41766.550000
41777.250000
48644.400000
49861.000000
50017.700000
57806.300000
57829.150000
58598.350000
66765.250000
70614.200000
73055.550000
73223.700000
74325.100000
80896.900000
80910.400000
80917.300000
81023.300000
81120.200000
81225.850000
81535.150000
81551.600000
81567.250000
81630.350000
81753.750000
81774.350000
81879.900000
81893.050000
81931.350000
82173.250000
83020.400000
83054.850000
83082.100000
83846.450000
83886.600000
87290.000000
88750.900000
88772.400000
89855.150000
90227.850000
90588.900000
90608.800000
94150.300000
96476.850000
96487.250000
96597.600000
96843.850000
97358.250000
97648.250000
97747.750000
97780.450000
97898.450000
98137.700000
109507.250000
109582.300000
112602.800000
113180.400000
113772.200000
114284.050000
114940.850000
115564.450000
116870.350000
120139.500000
124828.200000
125260.750000
125667.650000
127516.900000
127542.950000
127737.350000
131737.700000
134141.450000
143510.950000
148316.850000
160090.100000
162105.600000
162380.250000
162807.500000
163005.300000
163011.700000
163260.200000
163274.450000
163767.200000
165083.950000
165298.650000
165310.250000
165420.400000
166199.550000
166258.900000
166269.000000
166361.850000
166492.850000
166635.750000
167435.250000
167543.950000
167582.500000
167610.550000
167713.750000
167911.850000
167920.250000
168034.850000
168038.900000
168119.650000
168137.750000
168174.850000
168243.650000
168247.000000
168267.750000
168274.650000
168283.950000
168342.000000
168370.500000
168377.250000
169493.600000
170827.200000
171195.650000
172571.650000
172897.550000
174151.500000
174397.250000
174784.350000
174804.800000
175360.150000
175375.500000
175620.650000
175726.750000
175870.750000
175960.750000
175989.150000
176245.550000
176356.250000
176416.500000
176632.700000
176743.700000
176837.350000
177520.400000
177742.100000
178117.200000
178307.450000
178833.400000
179858.400000
180963.600000
181832.650000
183242.000000
210010.250000
210022.200000
210153.400000
211133.250000
211391.250000
211397.250000
212125.450000
212138.300000
212151.350000
212208.550000
212215.850000
212288.400000
212433.450000
212550.450000
212667.600000
212806.100000
213555.100000
213674.600000
216325.500000
217244.300000
218178.200000
218419.850000
218425.300000
218511.650000
218663.800000
218895.850000
218966.550000
218973.150000
219139.350000
219156.250000
219267.100000
219284.950000
219338.450000
219434.350000
219495.100000
219499.500000
219760.450000
219853.900000
220079.600000
220087.050000
220284.450000
220373.150000
220428.450000
220506.950000
220856.500000
220866.500000
220879.150000
220954.150000
220967.950000
220978.800000
220992.500000
221108.700000
221212.600000
221310.150000
221353.450000
221428.200000
221446.650000
221464.750000
221555.150000
221579.300000
221689.450000
222702.900000
222716.350000
222780.500000
222788.050000
223108.750000
224957.350000
225315.500000
225327.000000
225565.600000
225703.650000
225752.950000
225794.950000
226655.000000
227917.050000
234727.050000
236760.000000
250571.350000
260600.050000
260611.700000
276320.600000
290925.150000
298732.550000
299006.250000
304115.100000
304224.350000
304335.550000
304340.150000
304413.950000
304420.750000
304436.300000
304513.400000
304520.850000
304662.200000
304761.900000
304770.100000
304808.350000
304916.150000
305124.450000
305428.300000
305640.250000
305679.100000
305744.450000
305927.750000
305933.850000
305974.850000
306063.250000
306070.400000
306175.000000
306182.500000
306205.550000
306421.350000
306938.000000
308883.650000
310226.250000
310453.000000
310596.400000
311009.750000
311049.000000
311084.700000
311187.100000
311193.500000
311291.300000
311315.150000
311316.200000
311397.700000
311404.400000
311476.650000
311560.650000
311620.300000
311760.350000
311776.900000
312002.000000
312054.600000
312116.650000
312133.600000
312297.550000
312572.000000
312642.100000
312664.250000
312702.250000
312811.550000
312823.350000
312910.750000
312919.450000
313019.400000
313123.150000
313138.400000
313179.550000
313499.000000
313611.250000
313679.650000
314214.750000
314316.850000
314357.550000
314426.650000
314490.550000
314575.650000
314746.050000
314979.050000
315040.150000
315087.050000
315277.050000
315280.550000
315315.400000
315366.600000
315444.800000
315457.200000
315553.800000
315651.350000
315694.050000
318132.450000
328032.150000
334059.850000
335268.400000
335458.150000
337845.400000
337854.350000
338205.550000
338324.450000
338716.150000
338971.250000
339057.600000
339283.450000
339316.200000
341545.550000
341698.450000
342078.700000
342329.900000
342350.500000
342525.600000
342802.850000
343678.950000
346711.100000
349800.950000
353934.200000
354231.150000
355242.850000
356841.950000
357031.700000
357730.200000
357735.800000
357953.450000
358218.650000
358472.250000
358492.850000
359241.050000
359398.550000
359675.650000
359744.650000
362833.600000
363754.400000
364284.900000
373369.700000
373497.250000
374310.150000
376996.200000
378398.700000
378402.700000
378747.950000
379435.550000
379568.000000
379571.000000
379746.050000
379751.500000
380243.900000
380383.800000
380468.900000
380566.750000
380621.400000
385129.500000
399132.150000
402525.550000
411125.650000
423905.000000
423922.300000
424513.200000
424929.600000
425043.300000
425048.850000
425069.950000
425179.850000
425209.150000
425374.100000
425479.250000
426015.850000
430134.700000
430139.300000
430287.500000
430392.950000
430411.550000
430543.700000
432656.450000
432683.150000
433032.550000
433102.900000
433451.150000
433581.350000
433584.650000
433821.500000
433825.450000
433841.150000
434181.050000
434187.050000
434191.800000
434310.150000
434332.500000
434504.900000
434836.800000
434919.000000
435030.550000
435105.400000
436357.650000
436450.650000
436508.250000
436971.950000
437437.550000
437646.650000
437669.300000
437744.900000
437806.150000
438015.100000
438350.600000
438427.700000
443188.850000
443400.150000
443506.900000
443517.650000
443648.800000
443661.450000
443793.350000
443818.850000
444092.000000
444134.550000
444152.750000
444233.100000
444240.250000
444510.750000
444521.500000
444645.150000
444721.950000
444752.400000
444865.300000
444878.550000
444887.200000
444894.850000
444899.500000
446365.700000
446369.400000
446380.050000
446394.600000
446596.650000
447058.000000
452357.700000
457222.200000
457996.800000
458009.350000
458018.650000
458052.250000
460301.700000
460306.250000
460366.200000
460455.200000
460459.450000
460572.700000
460647.450000
460803.200000
460952.900000
461788.600000
461845.850000
461858.850000
461895.250000
461902.400000
461911.900000
461931.150000
462011.400000
462103.650000
462113.350000
462212.250000
462383.000000
462397.200000
462483.850000
462760.100000
463170.400000
474230.850000
481333.200000
483924.800000
483932.250000
486068.850000
487018.600000
487130.850000
488266.550000
488345.050000
488353.600000
488371.550000
488377.000000
488383.400000
488482.350000
488506.250000
488513.700000
488590.650000
488625.800000
488641.550000
488709.350000
488714.750000
488830.250000
488847.800000
488866.850000
488979.450000
488997.800000
489139.550000
494593.650000
496009.100000
496128.700000
496903.100000
497329.100000
497369.200000
497501.650000
497705.800000
497868.550000
497950.950000
506291.750000
507824.600000
508306.000000
509401.800000
509810.550000
513914.350000
515599.700000
520354.000000
520404.350000
532753.150000
532776.450000
533915.700000
534474.350000
537714.500000
546280.200000
547353.050000
549458.250000
555327.250000
560020.550000
560357.050000
561365.150000
561725.750000
561987.550000
566538.150000
567427.700000
567664.650000
567673.500000
568636.450000
569109.050000
569190.650000
569197.000000
569406.150000
569544.550000
569661.000000
569978.250000
570236.500000
570257.650000
570274.800000
570400.450000
570613.400000
570706.550000
570798.200000
570841.950000
570933.350000
571289.500000
579748.150000
582664.950000
584374.450000
584889.150000
584918.500000
586764.700000
588506.050000
589213.400000
589282.450000
589293.550000
594885.350000
595587.900000
596407.550000
607466.300000
607471.550000
607560.950000
607567.300000
608261.900000
641518.500000
647492.150000
652288.100000
652771.900000
653457.150000
653920.450000
654798.700000
654833.700000
655012.150000
655256.850000
655296.550000
655503.050000
661432.750000
662121.100000
667730.700000
668130.600000
680144.850000
680549.000000
680577.850000
682885.100000
702370.450000
702481.800000
702485.950000
702889.850000
718330.650000
724958.950000
725175.600000
725217.850000
725224.350000
725559.050000
728682.050000
731789.600000
769336.800000
769350.950000
775675.300000
778549.000000
780107.300000
780221.400000
797071.900000
797602.950000
798351.850000
798356.100000
798575.950000
798723.400000
798733.400000
799610.550000
800652.400000
800849.400000
802687.950000
803599.000000
803684.950000
805431.500000
805681.350000
805696.150000
805795.200000
806195.650000
806370.050000
807589.900000
807619.300000
810851.350000
810983.300000
812580.800000
815999.350000
816014.600000
817009.450000
818700.000000
818724.100000
828005.000000
838470.150000
842502.900000
842767.850000
885072.200000
894406.500000
896056.300000
899775.600000
906333.250000
947174.100000
952877.850000
965135.300000
965614.250000
966010.700000
966503.100000
966632.300000
966637.300000
967824.500000
968079.400000
968358.650000
970611.800000
980411.200000
981416.700000
982453.200000
982466.250000
983779.350000
983936.650000
984180.350000
984298.400000
984570.200000
984607.750000
986455.200000
986996.550000
987316.350000
987428.850000
988628.350000
989202.300000
989210.400000
989858.700000
991141.550000
993494.600000
996663.150000
997505.400000
997579.200000
999625.250000
1000257.450000
1004344.650000
1005018.950000
1010292.800000
1044399.150000
1044464.000000
1044485.150000
1047482.950000
1056710.100000
1058234.200000
1065186.100000
1066425.000000
1067316.400000
1068021.800000
1087126.550000
1087277.400000
1087410.300000
1099368.000000
1099384.850000
1099398.950000
1099453.400000
1100413.950000
1100645.300000
1110137.950000
1116623.500000
1118059.000000
1118064.250000
1118167.150000
1124860.250000
1133489.250000
1140309.350000
1140803.550000
1140865.200000
1143912.450000
1183136.250000
1191453.000000
1191704.450000
1191713.200000
1192274.000000
1196826.900000
1196846.200000
1197219.250000
1198330.800000
1200049.850000
1200282.500000
1200302.250000
1209038.950000
1209356.050000
1213739.100000
1213773.350000
1214727.550000
1215846.500000
1217793.500000
1217978.800000
1220238.800000
1220267.100000
1220519.350000
1225223.050000
1225236.250000
1230395.800000
1235114.000000
1238104.700000
1247669.100000
1248950.300000
1254845.800000
1261488.850000
1261609.150000
1261644.400000
1261685.250000
1261754.450000
1261999.200000
1264130.000000
1267175.750000
1267284.350000
1268149.200000
1268269.600000
1268384.500000
1268403.450000
1269313.450000
1278155.600000
1278161.900000
1278479.800000
1278577.950000
1278662.050000
1278666.450000
1278756.750000
1278775.400000
1278874.700000
1278888.650000
1279091.100000
1282588.000000
1282598.350000
1284158.700000
1284166.100000
1284188.500000
1293006.100000
1293742.600000
1301087.400000
1304692.700000
1304706.300000
1309576.500000
1310014.400000
1310027.700000
1310390.800000
1311044.800000
1311068.950000
1314797.350000
1329496.350000
1329889.200000
1334004.350000
1334058.000000
1337325.300000
1343383.400000
1343389.500000
1343492.550000
1343591.900000
1345171.400000
1345185.600000
1349978.200000
1351665.500000
1352758.350000
1353114.900000
1368057.550000
1375803.900000
1375813.700000
1375826.750000
1377875.200000
1378003.350000
1378091.000000
1378400.050000
1378406.650000
1378610.800000
1378630.500000
1378666.800000
1378721.750000
1378871.250000
1378876.600000
1379228.750000
1379252.250000
1379336.900000
1379572.700000
1391896.650000
1401177.700000
1401405.750000
1401409.600000
1401518.350000
1401603.550000
1401674.650000
1401679.150000
1401779.400000
1401838.250000
1401894.650000
1402003.600000
1402008.150000
1402024.250000
1402107.300000
1402113.400000
1402226.100000
1402242.800000
1402336.350000
1402377.650000
1402472.100000
1402478.550000
1402520.950000
1402644.550000
1402732.350000
1402759.600000
1402770.950000
1402869.250000
1402875.400000
1402972.650000
1403980.850000
1403999.700000
1404231.900000
1404251.950000
1404306.600000
1404809.650000
1404887.650000
1404896.800000
1404993.550000
1405000.700000
1405247.350000
1405260.550000
1405483.750000
1405491.700000
1405736.250000
1406956.700000
1409118.150000
1409414.350000
1409424.750000
1409468.200000
1411463.500000
1413731.000000
1414759.250000
1421032.200000
1422926.750000
1425514.900000
1425895.500000
1430504.450000
1430535.550000
1431196.650000
1449154.150000
1460902.900000
1466632.300000
1469130.550000
1471277.300000
1471367.050000
1471494.700000
1472189.850000
1473839.700000
1474005.650000
1474723.000000
1474758.450000
1477454.600000
1477979.000000
1478004.150000
1478127.350000
1478133.300000
1483027.000000
1487482.050000
1491128.100000
1492495.800000
1492975.150000
1492997.150000
1505476.350000
1505483.650000
1517166.750000
1517843.450000
1533815.950000
1533830.100000
1534638.450000
1539191.300000
1539208.100000
1539225.800000
1539633.900000
1539640.050000
1539679.450000
1539686.950000
1550250.050000
1556331.900000
1559516.300000
1561637.350000
1562145.450000
1562195.300000
1562205.250000
1564053.000000
1564073.450000
1572093.150000
1575928.850000
1585675.350000
1586168.600000
1602654.900000
1615205.050000
1615209.950000
1615791.300000
1619236.400000
1619406.150000
1619531.500000
1621572.050000
1621823.700000
1624436.300000
1630399.950000
1631222.600000
1635232.150000
1635292.250000
1637074.450000
1640109.300000
1641104.000000
1641120.200000
1641142.150000
1641720.100000
1642033.600000
1643150.450000
1643155.300000
1643965.050000
1645694.350000
1647480.550000
1648408.750000
1649182.100000
1649611.400000
1649620.000000
1650159.600000
1650425.550000
1650568.650000
1652486.400000
1652970.100000
1653804.700000
1654605.550000
1654909.650000
1655753.950000
1657506.650000
1658564.550000
1659097.850000
1659405.450000
1659929.800000
1660319.050000
1660335.950000
1660994.400000
1661623.600000
1661637.000000
1670067.050000
1672159.900000
1674450.300000
1674708.300000
1675427.600000
1682526.950000
1683015.750000
1683229.850000
1683479.000000
1686568.650000
1690690.550000
1690905.100000
1694008.850000
1696002.700000
1700157.200000
1700385.850000
1703637.700000
1703644.550000
1703674.450000
1703917.300000
1708717.300000
1708728.750000
1708788.700000
1708925.050000
1708931.400000
1708946.400000
1717372.650000
1719438.850000
1719494.100000
1719991.300000
1728341.900000
1728351.500000
1729721.950000
1737313.300000
1745291.900000
1745309.150000
1745435.950000
1756756.100000
1757432.100000
1757893.150000
1759556.250000
1760800.250000
1774137.900000
1775886.950000
1775890.950000
1776450.400000
1777579.500000
1792206.750000
1792270.250000
1794391.800000
1799534.650000
1799542.400000
1799736.200000
1814533.800000
1817543.100000
1817921.200000
1819499.150000
1821922.600000
1824560.100000
1824576.850000
1828591.550000
1831210.650000
1838337.650000
1856716.550000
1859821.000000
1872331.700000
1896979.350000
1903189.150000
1903275.350000
1903292.650000
1910466.700000
1910475.250000
1911181.700000
1911474.050000
1912488.800000
1915675.450000
1916396.900000
1916533.500000
1922496.550000
1922683.900000
1926283.350000
1936711.650000
1936970.400000
1939300.400000
1942213.450000
1953068.750000
1953888.200000
1953993.950000
1953998.800000
1954239.150000
1954244.950000
1954502.400000
1954552.850000
1956459.200000
1959189.850000
1964290.000000
1964303.150000
1966131.250000
1971548.100000
1971664.550000
1972128.950000
1985446.400000
1985843.450000
1985877.850000
1986069.950000
1986192.950000
1986225.850000
1993805.200000
1993834.650000
2015419.100000
2020222.700000
2024574.600000
2024753.000000
2024826.700000
2025010.700000
2025709.350000
2025722.450000
2025821.450000
2025953.300000
2026062.350000
2027062.600000
2027788.350000
2032552.200000
2036313.650000
2039218.700000
2039390.000000
2039913.600000
2040476.650000
2040884.850000
2042280.550000
2042429.700000
2043221.250000
2043338.350000
2047777.550000
2048136.700000
2048778.000000
2050457.050000
2051372.400000
2051482.250000
2052382.450000
2054443.650000
2055538.000000
2057137.550000
2057585.750000
2058743.650000
2058762.300000
2059265.150000
2061229.850000
2062154.900000
2064222.350000
2068352.800000
2069486.500000
2071143.200000
2072068.900000
2079821.100000
2080317.800000
2080942.000000
2083922.800000
2083949.700000
2083990.750000
2089986.050000
2092717.200000
2097132.450000
2100817.950000
2101631.900000
2102017.800000
2110931.100000
2112347.600000
2120305.950000
2120617.400000
2133242.800000
2135627.450000
2135649.400000
2135889.900000
2136029.950000
2136993.500000
2138211.250000
2139122.400000
2139963.000000
2140380.950000
2140645.350000
2143697.750000
2145941.650000
2149613.850000
2149847.650000
2149963.300000
2149970.250000
2150067.650000
2150079.800000
2150199.550000
2150498.900000
2151294.600000
2158031.150000
2159316.250000
2159433.550000
2160250.650000
2160274.450000
2160321.500000
2161891.400000
2164000.350000
2165084.300000
2165103.100000
2165112.350000
2165411.950000
2176518.850000
2177229.150000
2177560.900000
2179042.400000
2179449.350000
2179637.800000
2179919.250000
2180657.200000
2181803.300000
2188455.550000
2195240.000000
2196183.750000
2204025.450000
2204462.650000
2206348.600000
2209241.100000
2213611.950000
2220415.800000
2220553.700000
2220783.550000
2220889.100000
2221227.200000
2222350.900000
2222480.650000
2222729.950000
2227431.800000
2227571.950000
2228634.550000
2228720.050000
2234379.500000
2236586.800000
2239835.350000
2240064.300000
2240070.700000
2240166.850000
2240659.800000
2240806.100000
2242316.900000
2244861.800000
2252974.050000
2252979.200000
2252993.250000
2253452.800000
2254702.050000
2257094.450000
2259038.100000
2259052.450000
2259066.500000
2259083.050000
2259089.150000
2259096.650000
2259742.550000
2260388.800000
2263611.950000
2263761.750000
2265612.000000
2265622.950000
2265730.600000
2265736.000000
2266121.850000
2266150.350000
2266172.850000
2266263.750000
2266292.500000
2266711.600000
2266930.300000
2267604.750000
2267671.350000
2267789.200000
2267797.300000
2267844.950000
2267873.650000
2268590.200000
2270312.600000
2271222.700000
2273266.700000
2273997.300000
2295309.400000
2298248.900000
2299777.900000
2314777.750000
2314839.550000
2319199.700000
2320222.300000
2329517.700000
2334238.700000
2349352.250000
2351897.750000
2352455.200000
2356128.800000
2356236.050000
2362803.300000
2364088.000000
2364978.450000
2365274.700000
2367327.100000
2367686.000000
2369342.200000
2370394.350000
2370434.750000
2370447.000000
2382311.900000
2383837.350000
2383851.650000
2384405.200000
2386329.850000
2386342.700000
2394044.750000
2394058.700000
2394063.200000
2418461.100000
2418474.000000
2418540.300000
2419783.550000
2421114.700000
2423306.100000
2423430.900000
2423914.850000
2423921.700000
2424572.600000
2425686.250000
2425837.350000
2425955.400000
2428361.300000
2440753.500000
2453189.350000
2464873.200000
2468143.500000
2468737.650000
2469504.000000
2470146.800000
2475024.350000
2477896.650000
2489137.350000
2490359.600000
2492864.900000
2492982.350000
2493335.900000
2493359.250000
2493589.650000
2494174.100000
2494423.950000
2494855.550000
2494863.500000
2497432.500000
2501185.700000
2503437.500000
2503551.000000
2503677.400000
2503683.750000
2503691.500000
2504160.950000
2504392.100000
2504636.600000
2505121.050000
2505325.600000
2505330.250000
2505823.950000
2506462.050000
2511640.100000
2511645.350000
2513571.400000
2513617.800000
2513884.700000
2514478.050000
2514732.600000
2515102.050000
2519393.100000
2520148.850000
2520595.400000
2521719.950000
2524138.700000
2530763.700000
2532076.500000
2550267.550000
2556463.750000
2556676.050000
2558045.350000
2558145.400000
2569143.350000
2570650.650000
2572539.250000
2572544.000000
2572558.250000
2573418.050000
2576491.250000
2588567.300000
2588581.500000
2592251.000000
2605286.300000
2605383.800000
2606416.300000
2606604.250000
2606873.900000
2606882.850000
2617828.450000
2625445.200000
2640090.100000
2646063.300000
2646087.450000
2646102.250000
2646301.650000
2653764.000000
2654378.050000
2661821.500000
2672371.000000
2672488.050000
2672495.350000
2672499.700000
2683901.550000
2683917.550000
2683928.600000
2692114.750000
2700069.900000
2703064.000000
2704914.100000
2706732.050000
2714146.600000
2724246.700000
2724868.050000
2725261.950000
2730378.400000
2732889.150000
2734714.800000
2746443.150000
2747871.050000
2747875.550000
2747879.550000
2750947.200000
2751068.750000
2751518.000000
2751635.100000
2752220.350000
2752458.300000
2753028.400000
2753115.250000
2753595.500000
2762662.150000
2767498.200000
2773535.900000
2774384.800000
2774400.650000
2774408.450000
2774429.700000
2774630.850000
2777414.000000
2777422.050000
2777432.450000
2777853.700000
2777966.000000
2778080.750000
2802386.950000
2802391.050000
2818204.900000
2822875.150000
2831983.150000
2831994.200000
2832087.650000
2832092.200000
2835757.200000
2835772.100000
2835778.600000
2837752.450000
2848433.150000
2854317.850000
2855124.900000
2860621.900000
2862667.450000
2862674.150000
2863877.500000
2865040.400000
2865050.400000
2865165.650000
2865176.050000
2865283.050000
2865745.300000
2865979.450000
2866075.050000
2866084.150000
2866103.650000
2866123.450000
2866242.450000
2866356.900000
2866631.050000
2866643.850000
2866655.500000
2871314.650000
2874767.850000
2874775.200000
2874985.300000
2874990.050000
2875077.700000
2875238.600000
2875316.400000
2875331.250000
2875452.250000
2875488.100000
2875606.400000
2875776.750000
2875815.850000
2875840.600000
2875897.050000
2875954.350000
2875966.700000
2876214.300000
2876228.750000
2876336.500000
2876344.550000
2876462.250000
2876726.450000
2876765.500000
2876835.450000
2876843.500000
2876933.150000
2877220.750000
2877483.250000
2877722.100000
2877815.250000
2877848.100000
2878077.800000
2878147.100000
2878181.200000
2878264.500000
2878419.550000
2878502.000000
2878510.350000
2879136.750000
2879152.450000
2879228.350000
2879369.750000
2879468.850000
2879986.500000
2886939.300000
2888733.650000
2889311.800000
2891386.750000
2893193.600000
2894888.500000
2896338.900000
2896509.550000
2897526.900000
2897534.600000
2898841.400000
2902564.650000
2907176.850000
2908627.200000
2910282.250000
2910768.450000
2914138.400000
2914719.050000
2917570.050000
2919350.300000
2921785.600000
2921860.400000
2921951.100000
2925632.300000
2934573.850000
2945721.700000
2947015.350000
2948159.950000
2949170.800000
2949967.350000
2951179.950000
2951199.200000
2968256.450000
2973255.800000
2973790.900000
2975314.000000
2975913.250000
2978050.550000
2978266.200000
2978272.750000
2978361.300000
2978636.550000
2978650.050000
2978879.150000
2979115.400000
2979130.650000
2980155.350000
2980419.350000
2980436.950000
2980573.700000
2982296.500000
2982426.300000
2984562.550000
2984597.100000
2984638.750000
2984843.550000
2985845.400000
2987820.850000
2995769.050000
2998801.050000
2999692.900000
2999814.950000
3000453.050000
3001447.700000
3001767.450000
3003721.600000
3005353.800000
3009297.450000
3009768.350000
3010917.600000
3013646.200000
3014001.800000
3015533.800000
3017004.000000
3018588.000000
3018778.800000
3019173.100000
3019409.200000
3020419.750000
3022319.600000
3023278.750000
3028692.250000
3028765.350000
3028824.700000
3033711.000000
3035769.250000
3036788.900000
3036795.050000
3036806.200000
3039543.500000
3046862.000000
3052361.050000
3052368.800000
3052373.700000
3068946.900000
3078478.350000
3078557.450000
3078568.750000
3098303.650000
3103774.750000
3108366.750000
3127704.700000
3131901.800000
3132035.950000
3132039.900000
3133229.500000
3184752.950000
3184844.750000
3185355.400000
3185840.750000
3186411.800000
3186668.100000
3187181.600000
3187241.750000
3192164.750000
3200473.950000
3202571.200000
3214334.650000
3214436.400000
3214458.900000
3214520.350000
3216529.350000
3219856.900000
3220262.200000
3220679.150000
3220684.750000
3220717.000000
3220928.200000
3221046.650000
3221050.550000
3221219.300000
3221311.150000
3221385.550000
3221545.700000
3221561.950000
3221574.350000
3221640.550000
3221922.650000
3222347.650000
3223876.500000
3223950.500000
3246104.700000
3248055.000000
3250071.000000
3250269.100000
3250276.950000
3250285.900000
3250338.850000
3253468.100000
3254171.000000
3259598.250000
3260102.550000
3260156.950000
3263549.850000
3265450.250000
3267342.400000
3267617.200000
3270586.350000
3272139.400000
3272657.900000
3280084.950000
3280620.000000
3281158.300000
3283079.550000
3283630.950000
3283695.850000
3283771.200000
3287073.450000
3287086.400000
3289758.700000
3295893.400000
3299180.050000
3299196.950000
3312578.150000
3313648.400000
3317819.150000
3318462.400000
3320369.550000
3320600.650000
3326492.600000
3326508.650000
3326888.000000
3335903.100000
3336475.450000
3336491.550000
3336571.950000
3336573.700000
3336677.350000
3338766.050000
3338792.900000
3338926.150000
3339110.350000
3339158.500000
3339168.100000
3339182.250000
3351108.200000
3359226.400000
3363827.000000
3363943.100000
3364415.500000
3364540.250000
3364656.950000
3364690.200000
3365139.900000
3365148.650000
3365491.700000
3365496.150000
3365623.150000
3365728.650000
3365862.150000
3368982.900000
3368997.400000
3369430.250000
3369439.400000
3376440.450000
3377892.600000
3380728.550000
3391164.950000
3392611.300000
3392620.100000
3392661.650000
3392676.250000
3392680.650000
3395739.900000
3402424.600000
3411732.050000
3426124.500000
3440384.250000
3440976.650000
3441091.950000
3441102.750000
3441540.000000
3452891.250000
3460244.100000
3461464.750000
3461560.250000
3466777.850000
3466840.900000
3466848.200000
3466916.200000
3481126.900000
3501516.000000
3501688.550000
3505818.050000
3506556.350000
3508224.400000
3508229.050000
3508245.350000
3512171.500000
3516147.100000
3519288.850000
3525983.050000
3528375.750000
3536941.400000
3537177.750000
3538015.200000
3538026.650000
3538690.000000
3541021.050000
3541975.000000
3544787.000000
3544887.100000
3557390.550000
3559096.300000
3559977.550000
3565931.900000
3565941.950000
3577365.950000
3577447.200000
3577773.300000
3579898.300000
3580156.550000
3580708.250000
3581120.950000
3586287.950000
3587509.250000
3588607.650000
3591250.500000
3591308.400000
3596117.950000
3606109.100000
3606227.700000
3606356.400000
3607822.750000
3608190.900000
3608567.550000
3609448.100000
3610673.950000
3610762.750000
3612293.200000
3612670.250000
3613919.300000
3614546.200000
3614734.250000
3615478.150000
3616537.350000
3616557.650000
3617103.250000
3618642.500000
3620364.150000
3620447.650000
3621873.850000
3622594.750000
3622647.350000
3622725.500000
3622851.150000
3624672.900000
3625422.450000
3625436.150000
3626370.150000
3626505.250000
3628016.850000
3629203.150000
3630976.650000
3631944.150000
3632008.350000
3634563.650000
3634572.250000
3634812.950000
3635187.300000
3636619.350000
3636737.700000
3637690.800000
3638884.400000
3639379.100000
3639752.850000
3639768.650000
3639817.200000
3639834.900000
3639847.700000
3639907.700000
3639914.900000
3639919.650000
3640216.350000
3640624.600000
3640799.550000
3643445.900000
3643526.200000
3644218.250000
3644854.150000
3649417.800000
3652345.800000
3653283.350000
3658426.700000
3669780.000000
3672219.800000
3672301.400000
3673119.500000
3675282.650000
3675376.850000
3675407.450000
3675460.850000
3681900.400000
3681934.950000
3692115.450000
3700194.650000
3702357.450000
3707265.800000
3707291.800000
3707355.600000
3707379.850000
3717541.450000
3727764.250000
3729454.750000
3730179.700000
3733182.850000
3733567.300000
3734468.850000
3734476.600000
3735729.650000
3736295.000000
3736356.150000
3736612.000000
3736614.950000
3736621.900000
3736694.450000
3736778.750000
3736951.150000
3737079.800000
3739371.400000
3739419.600000
3739656.800000
3742765.250000
3743740.450000
3747209.950000
3750353.450000
3750361.600000
3750375.450000
3751437.750000
3751709.650000
3751862.250000
3751871.450000
3753042.150000
3753246.950000
3753254.050000
3755746.300000
3758607.250000
3758971.700000
3758980.400000
3758988.150000
3759139.400000
3759443.650000
3759453.800000
3760446.750000
3762657.250000
3762764.600000
3763018.600000
3763125.450000
3763853.250000
3764591.900000
3772629.900000
3790765.700000
3800773.650000
3803248.100000
3803620.300000
3803734.250000
3804892.650000
3805541.800000
3805652.100000
3805673.450000
3806598.900000
3806876.350000
3807266.200000
3807331.500000
3807429.800000
3807523.000000
3807730.350000
3807987.950000
3808858.350000
3808866.450000
3808907.200000
3809005.150000
3809016.300000
3809294.650000
3809319.900000
3809339.450000
3809425.750000
3809585.800000
3809690.300000
3809795.250000
3810024.250000
3810040.050000
3810694.900000
3811251.550000
3811256.550000
3811392.250000
3811562.450000
3811568.350000
3812060.900000
3812065.200000
3812508.700000
3812512.550000
3813003.800000
3813171.700000
3813292.450000
3813328.350000
3816034.900000
3818313.250000
3819953.450000
3820089.850000
3822261.250000
3838567.650000
3843554.300000
3843587.200000
3843592.850000
3843597.550000
3843605.600000
3843622.500000
3843684.950000
3844510.700000
3849001.800000
3849010.700000
3849997.150000
3851985.150000
3857263.300000
3857632.050000
3859370.100000
3860349.800000
3870381.650000
3870390.950000
3870979.150000
3870984.350000
3871124.350000
3872009.200000
3872017.800000
3872022.400000
3872217.400000
3872314.150000
3872856.200000
3873272.450000
3873282.100000
3873689.150000
3877423.800000
3877806.500000
3877828.650000
3878669.000000
3879818.000000
3880022.600000
3880140.550000
3880919.550000
3881191.100000
3881196.700000
3881231.800000
3881242.650000
3882925.400000
3883319.150000
3884539.600000
3884564.050000
3884603.900000
3885283.200000
3885619.450000
3886065.150000
3886310.550000
3891398.150000
3891412.550000
3892995.900000
3893060.550000
3893109.650000
3894056.150000
3894065.500000
3894071.150000
3894076.850000
3894643.750000
3894770.750000
3894915.000000
3895936.800000
3897291.800000
3898716.000000
3898816.150000
3899161.900000
3899195.300000
3902099.250000
3911279.400000
3911384.950000
3911392.050000
3919362.350000
3921710.050000
3921724.950000
3924801.100000
3929824.950000
3933103.850000
3933268.700000
3933714.750000
3933896.000000
3934468.800000
3935350.000000
3937274.900000
3939016.850000
3939448.350000
3941383.750000
3948616.700000
3959756.550000
3963894.200000
3963899.050000
3964555.650000
3964696.100000
3965153.200000
3965252.800000
3965300.450000
3965349.750000
3965481.700000
3965748.400000
3965928.000000
3966065.250000
3966089.450000
3966156.700000
3966254.950000
3966376.300000
3966992.550000
3967085.450000
3967202.450000
3967304.100000
3967392.800000
3967840.500000
3969053.800000
3969102.450000
3969128.650000
3969524.850000
3969767.450000
3969863.300000
3970230.700000
3970237.200000
3970369.300000
3970374.550000
3970384.800000
3970552.400000
3972104.200000
3972321.200000
3972416.150000
3972516.350000
3972521.550000
3972626.650000
3972760.400000
3982301.850000
3990936.350000
3991061.500000
4002207.150000
4004590.000000
4004595.350000
4009842.600000
4009938.300000
4009952.100000
4010133.050000
4010284.200000
4010432.800000
4010439.000000
4010897.050000
4011337.050000
4011342.250000
4012472.600000
4012632.600000
4012652.900000
4012694.550000
4013362.750000
4016062.150000
4016186.800000
4016197.100000
4016244.050000
4016264.450000
4016297.200000
4016312.350000
4016482.200000
4016703.450000
4016772.450000
4016936.750000
4018749.300000
4019193.950000
4023128.400000
4023854.900000
4028851.050000
4029460.900000
4029475.950000
4029480.850000
4029485.000000
4029655.650000
4031072.750000
4035127.950000
4035450.150000
4035935.800000
4036447.550000
4037639.400000
4037644.450000
4038660.200000
4039882.600000
4039993.350000
4040083.450000
4040091.550000
4040320.550000
4040441.950000
4042813.600000
4043249.600000
4043281.800000
4043375.850000
4043385.650000
4044079.500000
4044187.400000
4047102.850000
4057856.950000
4057893.650000
4057898.050000
4059172.700000
4059183.000000
4072881.050000
4075246.250000
4075956.750000
4078240.550000
4079603.350000
4080390.650000
4080396.600000
4080671.900000
4082048.700000
4082194.700000
4084048.900000
4086542.150000
4088124.800000
4094439.550000
4097567.900000
4098922.850000
4098928.800000
4098937.900000
4101905.900000
4102454.000000
4105267.850000
4117458.650000
4117469.350000
4118743.950000
4119027.800000
4119033.100000
4119041.300000
4121169.450000
4122220.050000
4122226.200000
4122231.250000
4122261.650000
4122270.750000
4122520.900000
4122529.350000
4123375.750000
4123381.100000
4123405.300000
4123420.050000
4123481.250000
4123500.750000
4125446.100000
4125450.350000
4125461.750000
4126817.350000
4126822.000000
4128235.500000
4131916.450000
4131929.450000
4131933.300000
4131993.050000
4132374.050000
4132564.550000
4132569.800000
4132577.200000
4132795.000000
4132798.150000
4132898.550000
4132903.250000
4133031.100000
4133066.500000
4133424.200000
4133514.750000
4133530.900000
4134440.400000
4134469.250000
4134538.850000
4135617.550000
4135639.300000
4135656.400000
4135658.250000
4135984.000000
4136809.750000
4137350.850000
4137647.500000
4137776.350000
4138211.950000
4138481.600000
4138501.050000
4141161.450000
4141190.450000
4143048.100000
4143694.750000
4144599.150000
4144610.800000
4144998.200000
4145228.350000
4145232.900000
4145238.450000
4145396.300000
4146455.350000
4146838.450000
4146887.450000
4146890.800000
4147498.450000
4147688.200000
4152640.150000
4156126.400000
4156715.250000
4156886.650000
4156951.200000
4157967.300000
4157976.700000
4158886.850000
4184180.350000
4184188.250000
4184195.850000
4186151.350000
4186152.300000
4189607.500000
4194129.200000
4194501.750000
4194518.400000
4197329.950000
4220615.500000
4231609.150000
4247669.400000
4248472.200000
4248583.150000
4248617.550000
4248752.050000
4248933.550000
4248972.800000
4249036.700000
4249216.100000
4249270.650000
4249420.900000
4249536.900000
4249891.350000
4249962.750000
4250419.250000
4252678.150000
4252857.300000
4252862.800000
4253300.100000
4253774.650000
4254182.950000
4254188.950000
4271823.700000
4272158.350000
4272164.100000
4272170.400000
4272576.000000
4272704.600000
4272766.750000
4273113.600000
4273129.400000
4273268.450000
4273384.300000
4284344.600000
4286610.900000
4292032.500000
4304502.350000
4307020.500000
4307583.550000
4314352.100000
4319048.400000
4319185.400000
4319430.750000
4319436.100000
4319519.700000
4319529.800000
4319539.200000
4319544.100000
4319620.400000
4319628.100000
4319988.650000
4320027.050000
4320072.350000
4324528.950000
4325242.150000
4325327.900000
4325335.600000
4325417.000000
4326729.600000
4332503.300000
4336175.350000
4336181.650000
4336188.250000
4336210.700000
4336223.150000
4344388.100000
4349369.950000
4353245.550000
4354511.550000
4356431.150000
4356542.600000
4356553.700000
4356660.950000
4358101.650000
4366570.350000
4366907.350000
4372507.250000
4377777.800000
4384920.350000
4384982.250000
4402103.400000
4402759.050000
4402873.100000
4402876.350000
4402877.350000
4410945.600000
4413298.100000
4413308.900000
4413340.500000
4413981.700000
4416408.750000
4417440.700000
4417986.950000
4418154.250000
4418164.700000
4418392.850000
4418497.050000
4420439.600000
4420446.450000
4420473.150000
4420663.500000
4421860.700000
4421875.100000
4423779.500000
4425226.200000
4425264.800000
4425410.350000
4427324.000000
4428375.000000
4428436.850000
4436165.450000
4436562.000000
4448073.550000
4449298.050000
4450985.950000
4453574.050000
4453605.500000
4464190.950000
4464641.700000
4464842.100000
4464854.000000
4464861.000000
4465091.300000
4465407.000000
4466901.050000
4467522.600000
4471543.300000
4472129.250000
4472245.900000
4472251.500000
4472554.200000
4473668.300000
4473673.350000
4473933.100000
4473943.350000
4473975.450000
4475804.750000
4475809.950000
4476139.200000
4478587.200000
4478592.250000
4478596.350000
4478600.550000
4478700.900000
4478707.950000
4479208.350000
4479225.500000
4479335.950000
4479667.100000
4479672.750000
4479680.700000
4479785.200000
4479793.600000
4479891.600000
4479982.000000
4480438.100000
4480600.450000
4480808.500000
4480826.350000
4481343.900000
4481421.850000
4482507.500000
4482629.100000
4482643.850000
4482813.050000
4483372.650000
4483398.100000
4483404.350000
4483513.700000
4483536.450000
4483574.550000
4483580.100000
4483592.750000
4483724.750000
4483916.050000
4485132.800000
4486527.450000
4488192.000000
4488491.600000
4489029.900000
4489715.850000
4491178.800000
4491352.350000
4491587.500000
4491820.800000
4491911.050000
4491916.000000
4492050.000000
4492169.200000
4492284.950000
4492298.800000
4492348.500000
4492380.000000
4492471.800000
4492495.600000
4493246.850000
4497002.250000
4498428.400000
4503320.600000
4503324.550000
4503328.350000
4506404.800000
4507504.900000
4507605.350000
4511359.300000
4511858.300000
4514709.950000
4514717.800000
4517495.000000
4517498.950000
4517505.900000
4517534.950000
4521621.500000
4523154.100000
4523163.400000
4523405.250000
4523727.650000
4523741.550000
4523754.250000
4523772.500000
4523781.400000
4523870.450000
4523972.850000
4524078.000000
4526202.450000
4526224.500000
4526233.400000
4526238.400000
4526447.050000
4526453.150000
4526608.350000
4526628.500000
4526648.350000
4526821.550000
4526863.000000
4527236.300000
4527330.400000
4527748.100000
4527859.250000
4527877.950000
4532787.100000
4533835.800000
4533844.550000
4534303.200000
4535601.600000
4541059.200000
4548444.850000
4556220.350000
4565309.500000
4565317.200000
4565328.550000
4565405.850000
4565428.100000
4569548.450000
4569704.750000
4569755.300000
4569760.750000
4569815.200000
4570535.750000
4570651.050000
4570663.450000
4580329.200000
4580404.800000
4582974.800000
4585219.700000
4585233.350000
4585287.150000
4585295.550000
4589159.900000
4598999.450000
4600517.800000
4607290.900000
4607995.600000
4610305.150000
4614878.900000
4614883.400000
4618573.900000
4628559.700000
4630522.200000
4631492.600000
4637775.050000
4640688.650000
4640816.300000
4654944.450000
4655396.500000
4655501.650000
4655734.950000
4655746.800000
4656537.000000
4656564.200000
4656832.000000
4657203.350000
4657213.400000
4657269.500000
4657524.600000
4657731.900000
4657877.300000
4658715.650000
4659078.300000
4659617.300000
4659646.650000
4659727.250000
4659734.550000
4660160.000000
4660584.550000
4660726.000000
4660752.600000
4662403.700000
4662508.200000
4662511.100000
4662621.600000
4662850.100000
4662961.700000
4663449.350000
4663605.650000
4663641.050000
4663727.050000
4663734.650000
4663923.450000
4663929.250000
4664034.300000
4664289.750000
4664547.650000
4664551.850000
4664776.600000
4664807.150000
4664867.200000
4665311.750000
4665378.100000
4665441.200000
4665866.650000
4665876.150000
4665940.550000
4666120.950000
4666211.800000
4666309.600000
4666318.450000
4666460.550000
4666524.400000
4666532.050000
4666564.400000
4666888.500000
4666903.850000
4667428.850000
4667829.300000
4667970.950000
4668162.500000
4668413.250000
4669362.100000
4669973.300000
4670609.000000
4670614.250000
4670627.450000
4670728.600000
4670733.400000
4670881.400000
4671668.900000
4671673.750000
4671909.350000
4672226.450000
4672325.650000
4672354.350000
4672579.650000
4672597.400000
4672695.300000
4672719.450000
4672756.150000
4672758.800000
4672777.350000
4672784.350000
4672926.950000
4673279.950000
4673555.750000
4674071.200000
4674084.300000
4676170.700000
4677282.050000
4677479.450000
4679151.050000
4679985.300000
4680088.800000
4680539.850000
4680549.100000
4682406.750000
4683529.450000
4683858.400000
4685366.600000
4685798.350000
4685806.500000
4686072.500000
4686209.750000
4686726.450000
4686962.400000
4687376.050000
4687581.550000
4688416.400000
4691805.350000
4692873.700000
4693559.700000
4693704.850000
4693968.150000
4694191.150000
4696904.150000
4698579.400000
4698598.950000
4698616.600000
4700378.800000
4700386.750000
4700395.100000
4700493.050000
4700508.900000
4700603.900000
4700710.350000
4700718.850000
4700997.350000
4726332.850000
4727250.950000
4727915.450000
4739931.150000
4741388.600000
4741864.950000
4742330.000000
4744243.300000
4751479.500000
4751484.900000
4751509.600000
4751615.450000
4752199.350000
4753131.550000
4754387.850000
4754978.150000
4755489.300000
4755691.450000
4755778.600000
4755782.000000
4755871.550000
4756114.200000
4756236.600000
4756596.150000
4757067.850000
4757108.350000
4757616.550000
4757932.200000
4758296.600000
4758551.850000
4758555.300000
4759095.250000
4759347.650000
4759490.250000
4759493.750000
4759662.950000
4759733.050000
4759745.150000
4759914.050000
4760531.950000
4760749.250000
4760754.000000
4760786.400000
4760903.850000
4760962.150000
4761701.400000
4761740.200000
4767867.650000
4768021.500000
4768098.500000
4768105.000000
4768109.550000
4768835.850000
4769078.200000
4769104.750000
4769197.600000
4769420.350000
4769424.250000
4769499.950000
4769628.250000
4769908.800000
4770276.350000
4770285.150000
4770305.500000
4770375.200000
4770599.750000
4771237.900000
4771438.400000
4771453.250000
4771502.050000
4771536.150000
4771587.150000
4771795.800000
4771851.650000
4771976.800000
4771987.700000
4772455.000000
4772488.650000
4772746.400000
4772847.550000
4773099.650000
4773215.750000
4773334.550000
4773449.150000
4773460.050000
4773713.450000
4773857.500000
4785027.700000
4785332.050000
4792228.350000
4799787.550000
4799869.350000
4800213.450000
4807698.450000
4814835.750000
4817174.250000
4817197.750000
4817788.200000
4817949.100000
4817953.800000
4829513.550000
4829518.700000
4829533.800000
4829675.650000
4831052.850000
4831983.050000
4831989.800000
4833382.200000
4841110.050000
4842392.150000
4843204.500000
4845040.400000
4845260.550000
4845468.150000
4845494.950000
4845506.900000
4845570.300000
4845596.400000
4845625.950000
4845699.200000
4845729.100000
4845820.400000
4845969.350000
4846092.100000
4846116.950000
4846335.000000
4850548.200000
4850566.800000
4857740.950000
4859622.300000
4859959.050000
4860181.550000
4860185.000000
4860189.700000
4860309.500000
4860315.050000
4860406.550000
4860532.950000
4860826.700000
4862450.700000
4862825.300000
4862949.350000
4863129.550000
4863834.100000
4863986.700000
4864011.800000
4864311.250000
4864439.700000
4865012.400000
4865421.300000
4865442.700000
4866056.000000
4866181.700000
4866449.700000
4866467.100000
4866471.050000
4866476.450000
4866492.750000
4867901.100000
4867905.900000
4867913.000000
4868211.450000
4868217.250000
4868232.400000
4868236.800000
4868253.400000
4869085.900000
4869204.950000
4869237.250000
4870273.900000
4871093.100000
4871733.050000
4871752.500000
4871885.300000
4871891.900000
4871897.050000
4871904.250000
4872049.900000
4872057.600000
4872082.350000
4872089.400000
4873713.550000
4873986.800000
4893006.650000
4893266.150000
4893373.950000
4893572.700000
4893591.700000
4893612.250000
4893802.050000
4893954.900000
4894013.650000
4894055.200000
4894217.550000
4894685.950000
4894726.750000
4895926.400000
4896991.350000
4899170.450000
4906053.650000
4908664.100000
4913210.350000
4923517.550000
4926811.100000
4926870.300000
4932376.350000
4933892.750000
4934010.200000
4941520.500000
4941524.400000
4942149.150000
4942200.000000
4942619.150000
4942765.150000
4942986.450000
4943429.650000
4945624.550000
4945861.550000
4945866.500000
4947679.350000
4947897.550000
4948001.450000
4948006.850000
4948104.700000
4948337.950000
4948345.000000
4948427.250000
4948706.250000
4948815.800000
4948972.600000
4949933.450000
4953918.100000
4955940.850000
4963985.000000
4963999.200000
4998885.300000
4999430.600000
5000444.150000
5000452.150000
5001111.150000
5001395.300000
5001784.300000
5001793.250000
5004470.500000
5004603.400000
5004608.950000
5004901.000000
5005126.550000
5005136.200000
5005199.000000
5005496.500000
5005502.600000
5006749.450000
5006763.450000
5007040.950000
5007247.300000
5008286.950000
5008407.700000
5008416.100000
5018897.750000
5018905.450000
5031676.250000
5033218.000000
5033295.950000
5034159.700000
5034222.450000
5034279.250000
5034325.500000
5034338.350000
5034810.750000
5035690.000000
5035739.400000
5038057.550000
5041628.000000
5046887.400000
5056115.300000
5056158.950000
5056429.100000
5056874.550000
5058288.000000
5062338.400000
5062385.500000
5062440.150000
5062897.550000
5068550.150000
5074968.800000
5075043.100000
5075065.300000
5076858.650000
5080299.450000
5083507.800000
5084233.400000
5084379.300000
5084393.850000
5084399.550000
5084665.300000
5085699.150000
5090786.100000
5101633.000000
5101775.500000
5103807.700000
5107652.150000
5108397.650000
5108406.200000
5108668.550000
5113894.050000
5113922.650000
5113974.400000
5114289.450000
5117390.950000
5117413.500000
5117414.500000
5117480.400000
5121228.050000
5121242.200000
5121875.450000
5122598.800000
5122632.950000
5124076.450000
5124213.100000
5125096.100000
5125372.550000
5125392.150000
5125522.250000
5125549.350000
5129953.850000
5129959.800000
5131634.700000
5131646.200000
5131696.400000
5131754.500000
5131997.050000
5132004.950000
5132081.150000
5132358.700000
5132479.550000
5132619.950000
5132780.900000
5133025.300000
5133071.050000
5133154.350000
5133337.950000
5133350.400000
5133382.650000
5133401.600000
5133456.350000
5133488.000000
5133498.350000
5133547.250000
5133601.650000
5133613.200000
5134007.400000
5135487.450000
5135571.100000
5135780.000000
5135783.750000
5135929.100000
5137739.200000
5137746.050000
5137772.500000
5138075.000000
5139149.500000
5151965.600000
5155910.750000
5159422.950000
5159430.000000
5162105.550000
5166492.200000
5170539.900000
5172588.850000
5173364.950000
5179646.100000
5179651.450000
5179872.450000
5179878.650000
5179886.350000
5180390.100000
5180405.850000
5183180.400000
5184298.950000
5184310.350000
5191460.000000
5194461.850000
5194467.850000
5197080.950000
5197159.400000
5197928.800000
5198001.550000
5198339.300000
5198353.600000
5203127.450000
5203218.550000
5203229.950000
5204453.300000
5204497.700000
5239598.050000
5239635.700000
5248753.450000
5248757.900000
5251971.700000
5252003.100000
5253515.800000
5253642.600000
5280227.800000
5280234.850000
5280242.250000
5280695.200000
5280775.050000
5283639.850000
5287174.800000
5287200.000000
5287203.750000
5287648.650000
5289609.400000
5302116.500000
5302202.200000
5324203.550000
5324216.800000
5327616.750000
5328628.450000
5328637.750000
5328896.900000
5334205.350000
5336386.600000
5336454.100000
5336906.500000
5337019.950000
5337997.550000
5346670.650000
5348498.100000
5348595.250000
5351122.000000
5351131.400000
5369556.650000
5370415.200000
5374611.600000
5374700.600000
5378617.750000
5392063.850000
5392908.450000
5394002.550000
5394800.200000
5397321.400000
5398982.950000
5402876.100000
5414642.800000
5414657.500000
5415516.350000
5430942.550000
5430990.500000
5438865.950000
5438921.550000
5438929.850000
5445639.950000
